,0
0,515.8353859264398
1,948.8331873367915
2,462.6592237916602
3,905.8038738495607
4,795.9866489950527
5,1370.4634345821787
6,463.3318561413562
7,839.827508755211
8,646.660585227517
9,404.17661259408396
10,576.59976120187
11,1328.4092313147412
12,718.7334113066545
13,986.4964577929986
14,624.8425381984307
15,403.9238469968486
16,831.2754156263254
17,870.9254456315693
18,857.4427236812317
19,665.7797826176629
20,564.0551988183406
21,779.4797191173739
22,479.4677910232367
23,1111.0576682170022
24,773.0804832426084
25,460.9122838759713
26,1497.5217322585977
27,452.08407740617804
28,661.2965716680901
29,814.4786162880782
30,687.769106869765
31,819.8980862756398
32,765.1385294631318
33,505.9025541479714
34,949.3699442580873
35,554.0763533378877
36,1172.962846732611
37,627.7721002402477
38,538.8769980567058
39,783.0688344790169
40,497.8108537237231
41,218.46203626397164
42,266.75909684778344
43,440.2400394401038
44,808.772977444306
45,428.03776440599813
46,962.2542602222966
47,1008.8689713313724
48,437.8364346701301
49,945.4092533715793
50,573.5934863816283
51,580.2777207657846
52,301.0761256747983
53,751.7196279259124
54,667.7092726369747
55,693.7368469764187
56,1088.0855648029901
57,1211.86708706618
58,869.2641024742697
59,1267.495019245156
60,604.549518951394
61,426.12214022771514
62,496.7453060590242
63,580.4467971931326
64,383.14755117944696
65,1080.90311532149
66,175.25727942329195
67,939.8603707678403
68,245.5612437751306
69,588.8322145857046
70,150.95858120364483
71,1571.271951418701
72,443.2573950404076
73,1171.0931707831396
74,1016.838761248262
75,1138.8379650505158
76,467.79148870182144
77,184.0731921440929
78,1006.6524054954043
79,653.1924081593052
80,225.59351664854876
81,933.9686544112119
82,629.1572640467812
83,909.6564065995153
84,262.40230525702646
85,579.3256265454229
86,358.9319007599979
87,789.1282816160483
88,532.028904236533
89,732.1512137442114
90,276.5859673735631
91,198.4823586255161
92,537.3222821481922
93,500.3967968506813
94,892.6871807533116
95,519.0354289623347
96,361.398018716156
97,425.26258798843264
98,748.850092231989
99,890.1415166518746
100,779.4817062300699
101,719.3625479374405
102,751.5687397711472
103,172.1980899338496
104,879.5418426091464
105,868.8892472783373
106,245.21996941074576
107,352.2549776417991
108,370.0254012443156
109,809.8010106416195
110,397.69307422138354
111,805.2031998848588
112,783.497644914667
113,1100.7247951348618
114,1157.8755960028757
115,1181.3348060501894
116,546.7481324167084
117,917.484602795229
118,572.4061646103437
119,500.49009374156594
120,499.8763595660066
121,393.0499760054463
122,525.7370559580859
123,771.3093363319404
124,853.8607328225544
125,505.2169193335458
126,892.4092853942748
127,256.10765755560624
128,560.8965580297045
129,563.6217528437855
130,676.1147107735987
131,264.2395821615655
132,704.2025830581624
133,176.0783453461645
134,856.4242669540336
135,286.58045066627074
136,964.6333703617547
137,429.764427043815
138,527.3030599005378
139,587.1736552029888
140,269.758341005514
141,347.67260628091844
142,371.7369924605955
143,621.9253039962232
144,769.4375188353879
145,360.0277396949032
146,803.6617276442275
147,605.5544131666138
148,528.8782501044325
149,383.60601691723423
150,356.3062219915546
151,695.4690001959989
152,625.7281719150342
153,823.9666239816352
154,728.8624600214735
155,713.0424417171262
156,461.6254140303972
157,1548.1703877124646
158,627.3718984272973
159,214.75403338322758
160,960.5804217645364
161,1037.2274499446376
162,399.67493809168536
163,844.5920146967374
164,661.6493269818984
165,881.8207677461314
166,548.6280399314119
167,275.4019125668501
168,702.6989274914104
169,663.5425217216462
170,231.2068993345183
171,788.1827343100949
172,293.5799376736104
173,841.8616509018548
174,324.67903629147895
175,525.5714749487988
176,395.0192498117831
177,1039.6809557177703
178,523.1855689557151
179,1369.4316631787688
180,237.4148759435784
181,491.8624620239225
182,768.440894174365
183,663.6828271843879
184,433.93037143654146
185,717.17002395483
186,389.80403899281464
187,1224.2780029597889
188,506.4172516706076
189,252.66987979366877
190,574.5866122673642
191,315.5736573268259
192,917.6716725407023
193,1016.3685098777923
194,243.2009120223347
195,699.7258747560763
196,200.42545776121187
197,791.779342755287
198,181.70034785901407
199,1400.29744822269
200,288.51612786295664
201,392.13173327915047
202,1013.0461999995196
203,748.4031348153976
204,426.5763222402429
205,746.1016898858852
206,451.7748610609615
207,501.28067554889094
208,853.5396206954247
209,782.825387759618
210,420.3635446333874
211,779.2050244918555
212,646.5796365584192
213,475.0960829464984
214,159.09816703865636
215,595.0200690602278
216,482.52371400753054
217,928.145297304126
218,623.8312980083265
219,692.2962812153628
220,1188.3162406490464
221,742.3719344289284
222,356.92908220794743
223,1059.5681128235228
224,612.6258200192706
225,320.25974193009006
226,268.4519370017415
227,408.99819974839374
228,1143.7064382326316
229,684.2857825567344
230,770.4042141835553
231,495.64430898890896
232,1160.2579955839637
233,1226.3415470183254
234,323.0396067636357
235,357.6672813932428
236,927.4958382230634
237,570.2700640175499
238,383.50218546577526
239,634.5607174476554
240,668.8229651704924
241,877.9448452298257
242,885.9968491804593
243,658.406919543896
244,609.4129160614411
245,287.97436273387666
246,409.1873665703615
247,354.0432029957956
248,1321.9787932356112
249,657.2016706948598
250,1008.0458537799987
251,479.5821683522445
252,359.83037232757033
253,824.5324545725825
254,659.4682124460251
255,1075.654598459395
256,615.1998338032072
257,341.2831485035813
258,501.58016042738564
259,735.5020325129271
260,980.5301714015213
261,611.9570353135441
262,491.826171491457
263,195.61123846694136
264,750.5026143762825
265,382.7072680665751
266,485.84631516444006
267,770.6527287314484
268,471.1257829216602
269,642.9727949697099
270,250.52894473339802
271,1184.4681453613239
272,238.66138441427574
273,962.7585622387815
274,925.3505214822117
275,891.6832919408043
276,466.06304100481793
277,347.2185311971116
278,812.0845139740513
279,698.5315290267326
280,343.8174651598556
281,1327.2912513451956
282,696.570059967702
283,557.7872879257975
284,969.5168736036749
285,699.9283721357078
286,346.915197174545
287,544.6898925786754
288,1009.8839361535474
289,827.0391340455863
290,384.8346485382981
291,1265.5547254849653
292,471.67573360001916
293,1272.4594164771925
294,655.7531678230371
295,455.5322674436702
296,881.7596942392338
297,487.46752211892453
298,310.58085129235496
299,313.19021170614906
300,1356.0692276465734
301,926.2513775332827
302,462.2285064688749
303,771.6550280260735
304,407.937933870644
305,634.1751443054627
306,232.8897974041456
307,579.9249681064257
308,557.7226850627912
309,1148.51392321804
310,465.8759875795513
311,1289.8357471315558
312,357.80071985141785
313,928.5336127046621
314,722.6557420499839
315,540.9215766005873
316,412.6781959047894
317,912.9334064843952
318,340.09834120042524
319,529.9287001644407
320,543.2302403423446
321,459.13885100372863
322,352.83921066461426
323,935.2420105490928
324,486.8892108514747
325,762.5024874061482
326,1292.56982977412
327,500.8572787917019
328,574.1248899855591
329,732.2699314113515
330,384.0416191979166
331,375.6508457004329
332,532.5330175637737
333,559.195694213895
334,537.6634734341833
335,553.4317937313872
336,380.62582300243594
337,124.34263951406047
338,287.6756829779688
339,723.5546601375545
340,373.7317812327892
341,320.8676712229926
342,309.4314473262575
343,668.065685931796
344,348.7916806437843
345,796.0410150517991
346,481.85806385299384
347,187.34737116348242
348,336.36234354873886
349,1322.1690916174612
350,1111.3242553853188
351,1045.257465753437
352,1248.2628061815603
353,389.2895111202806
354,712.4915318978547
355,831.9215169096078
356,606.3817448863183
357,1055.102438240574
358,214.86572646046625
359,492.8091911219517
360,664.6308127708426
361,823.9612812915093
362,620.6445087179654
363,416.0926431248872
364,710.4350411093774
365,624.3149969003098
366,1276.493848972701
367,965.4968640660263
368,1694.9229418091882
369,771.050179733842
370,774.9907327257251
371,373.90874008217816
372,731.1402585530832
373,393.44537665352345
374,718.5495109316253
375,661.337801002057
376,431.36104445150613
377,568.1051596717689
378,675.1898589638777
379,236.60383390676725
380,829.1992522823111
381,333.52013211684334
382,283.6749375914451
383,564.7671172789533
384,500.0800175722561
385,178.43241261447292
386,394.54014344964617
387,381.3360494873041
388,904.6706941715929
389,544.8902560020588
390,690.7133307471022
391,917.2530354355422
392,752.9205467232878
393,1365.5042667816533
394,533.699723911649
395,403.85454888045024
396,457.1841696043093
397,508.6342576711377
398,446.7056917025211
399,812.3603890685099
400,728.8006674858034
401,618.308440365794
402,378.8968583842834
403,531.197973924589
404,473.8855608483391
405,832.0181387683997
406,401.18130759760425
407,652.1759970080839
408,265.3988018077562
409,369.0282787636479
410,716.0628814113225
411,426.9049522840669
412,699.1718238183521
413,531.7684369492326
414,173.85395573326423
415,1311.8371683553423
416,723.9031977043041
417,1088.298552420034
418,956.6958786436417
419,507.5028237870047
420,436.61795049221655
421,446.7674920671898
422,565.6948354034193
423,486.0105921935083
424,893.9929618089118
425,553.4059465432529
426,359.53443663156213
427,606.6817808682245
428,463.7200279340741
429,952.4130496665757
430,574.3801194101543
431,670.8455363719049
432,752.8166394561676
433,1832.7519036700123
434,1520.0975101918875
435,766.0586216419533
436,930.3445857577826
437,352.4781929620258
438,730.5667107448517
439,763.6538940850996
440,676.8898169419335
441,671.2495196664158
442,893.3799723082511
443,1087.567278389426
444,334.09512088041083
445,868.9604339738362
446,394.06246918479155
447,355.35070682434434
448,917.4504633085526
449,1069.2838846480936
450,460.34657613694344
451,726.4374818394717
452,582.5228397881119
453,1259.5447575342005
454,639.767486815249
455,535.4523534861519
456,429.3209255846614
457,703.8869702357497
458,1054.792688394793
459,513.1059832283036
460,547.2652105672241
461,401.6626196974121
462,404.9204912564601
463,520.3665986915366
464,745.6715282990535
465,523.3447699310018
466,1274.1967090021626
467,363.84090421098153
468,557.6025553773015
469,919.2663640801511
470,418.00362157638756
471,1049.2698505902617
472,770.9937795437854
473,785.7319585912173
474,548.9223032154723
475,1336.9439666723374
476,793.5362509787974
477,157.68359480258368
478,1101.0351384437636
479,372.5275789205107
480,830.2297824502148
481,944.6651489635824
482,705.404772860793
483,283.6705995660841
484,250.2841882063076
485,1441.6475049946048
486,327.9995304084696
487,691.4892541336249
488,711.690037042008
489,593.3244495361841
490,798.6054784331081
491,620.4759685452436
492,557.1255532988653
493,375.98905214929437
494,915.2845149415107
495,962.7856392431231
496,495.1363678681337
497,812.1938211227653
498,92.40399188029824
499,374.1309842058172
500,659.7325105753434
501,880.5415742034438
502,609.5928033783193
503,1084.686854395315
504,519.6500322209422
505,693.4420945527518
506,726.6339493525074
507,504.1125350292041
508,715.1521800396304
509,505.2363189952266
510,848.7138946070645
511,362.73867788271764
512,332.73233203136806
513,521.8128388339301
514,717.4165772752594
515,597.5474184409113
516,650.9059307883317
517,854.8215427422538
518,480.4900145110869
519,1144.5250129085543
520,564.075286812149
521,1115.3366810093485
522,1738.8866213397632
523,526.360715360579
524,308.08934582321035
525,579.1909207145036
526,720.8452151647925
527,963.3497655790998
528,1002.8402123585429
529,936.3376497009904
530,205.0411767157011
531,561.1417997275712
532,431.19898867680513
533,342.83114624641075
534,431.8758371092172
535,714.6790685297019
536,281.6905923087588
537,570.9032019130418
538,750.1037942629664
539,588.3831897848695
540,289.35051310227846
541,798.6559904136093
542,674.808672797707
543,381.9947173495475
544,788.759235207227
545,786.4656109747439
546,581.0032033731404
547,848.7937143661411
548,342.0035307437229
549,530.6331406042264
550,725.7866715064365
551,423.1793442320941
552,822.0183284237073
553,766.0372413536952
554,736.05927241683
555,496.31639578009435
556,385.4497654495581
557,959.5904834794856
558,654.2359390856709
559,612.8226908889128
560,1277.465722298537
561,503.03968676014665
562,448.1010630541414
563,249.23974944254132
564,508.4843661726927
565,190.19371977317496
566,505.6183765410997
567,1443.2560420956443
568,897.6155400236185
569,281.35763156872235
570,308.3497935381256
571,272.6449095205289
572,240.6814872895602
573,782.5546510390241
574,280.2603591613206
575,316.2646654107548
576,243.78965096900265
577,2093.9913722232513
578,525.5947268545933
579,1370.591132233325
580,633.3388718680935
581,374.0628155335953
582,335.37888011004543
583,575.7021180259417
584,737.0912536476326
585,313.66333852138723
586,464.398892884361
587,278.2344581838415
588,610.1645135410781
589,344.35380201447606
590,1277.958778498506
591,962.9915326749078
592,601.6666288164715
593,818.853965272956
594,479.94846924876674
595,705.9023107664907
596,1778.3256042821367
597,729.1956157006443
598,684.6369035657017
599,391.362543029717
600,577.2898998237442
601,269.2845033210724
602,1643.1683271827196
603,1211.9544000662381
604,977.4876037747081
605,1356.863852396953
606,190.73059504938556
607,860.1721541928027
608,170.9813078300349
609,486.560012886991
610,484.5837060938211
611,795.4446830054667
612,917.4560953751898
613,764.141103303682
614,673.5055088181307
615,608.5203328333755
616,663.6838764726872
617,532.5441897641922
618,620.8019615851299
619,720.1038790718003
620,1299.993426605638
621,498.48759292552495
622,492.03097152083046
623,400.7085133672663
624,770.7386858248419
625,253.18861473674588
626,505.7829114589922
627,460.60134429132995
628,823.6197780103912
629,414.3409470758652
630,949.4871033075578
631,587.9156795187937
632,264.56135090839234
633,748.5493296971299
634,452.3303457941338
635,367.6560570421161
636,1582.5209524547026
637,1269.6454126225326
638,445.783625222336
639,315.9564886360595
640,701.3636774651986
641,821.0305691530039
642,288.00070590562154
643,834.0657197779665
644,498.05548056862517
645,561.825883335755
646,1363.1827857620956
647,264.3859545770183
648,453.4769874009244
649,330.90352332958264
650,446.72658946627325
651,732.7976790963285
652,1023.2100568413443
653,936.9798020513463
654,266.73022191428936
655,583.0212034195392
656,1217.3686489070788
657,542.2362565973317
658,770.0505132449707
659,277.2953335052898
660,446.0146309520651
661,402.84270161311815
662,513.4750888062717
663,925.8808057751821
664,787.9932734245012
665,378.4875714545087
666,463.4476443603671
667,478.5967701131567
668,289.4057307640487
669,620.1108714820139
670,794.0945156242378
671,592.51943618532
672,575.7036156805534
673,694.2478869452261
674,665.8306924384979
675,473.74374807486583
676,568.8110549791872
677,545.4152309224219
678,1564.578959117357
679,476.97328481442946
680,719.8971288832599
681,594.8188100269163
682,1481.1049068958573
683,1434.1759135092734
684,700.3276319032266
685,1290.0452444254915
686,382.6056787835305
687,268.6912862606905
688,747.7920133844191
689,584.558475083958
690,826.8016740092562
691,376.85356918874095
692,162.43385439963367
693,1847.2815533025487
694,444.79035475772343
695,636.495950878676
696,497.0847210007032
697,791.1050810220077
698,1028.4456373135472
699,718.5175402993318
700,417.77372283250224
701,607.2930631433819
702,908.5295785078715
703,386.04023119841986
704,357.2682050181347
705,529.4723328622395
706,538.932933655572
707,507.38270081163773
708,681.1550668438013
709,374.6444762474857
710,503.45383977296206
711,661.5105605583412
712,366.9717606961449
713,544.7176087853832
714,546.7554058838814
715,893.6159549274516
716,266.3003227523068
717,1044.6346978462416
718,508.1585649895351
719,214.2216619988103
720,1784.5551362063989
721,290.3588035432949
722,586.045422379203
723,2210.2586181195984
724,1324.079115339935
725,236.76972693255266
726,665.015388431264
727,836.1740561367851
728,1316.057505299852
729,606.7971117555917
730,317.86376894160094
731,976.3706399928678
732,342.1659081081316
733,874.262309075857
734,431.56740256677585
735,556.4541022150715
736,737.410969575636
737,424.36436731831054
738,902.0378214257817
739,921.964718357699
740,186.1210433053875
741,335.7416709522158
742,361.64283108385007
743,657.7766178870652
744,335.30969094988814
745,286.44337624335003
746,506.8331964620893
747,550.3178293412193
748,767.6638957598125
749,406.42365780616365
750,460.05502509752387
751,576.7386214142043
752,791.2068605690993
753,869.8377832593842
754,817.7014788804963
755,673.8225869245698
756,782.7916494343563
757,371.99258856888355
758,1344.3210943048116
759,877.3301718562498
760,697.7012783879891
761,829.3085074296896
762,214.9246208696668
763,530.1533524770439
764,497.5384340964865
765,439.39923620401714
766,528.344140868925
767,425.3627376899676
768,343.9141964406135
769,502.05245903458217
770,692.3838373852786
771,445.5241451606498
772,1061.7261371939921
773,889.2678920582985
774,1475.4820123024065
775,475.65079223324483
776,450.8398337812214
777,356.10399969738046
778,748.581598214816
779,530.0736755014495
780,238.0671013635092
781,810.1367277559284
782,1079.1265849427118
783,305.964668267482
784,298.646346072931
785,179.68335545404898
786,862.93684784587
787,384.0135600078702
788,808.2771949208727
789,868.2668443469393
790,1003.0049864748107
791,576.3847498610876
792,578.2520561085103
793,519.2705946124624
794,1707.9990227512653
795,487.7771320921702
796,397.4250335656634
797,305.80226043437597
798,289.37264870150284
799,395.2296050645209
800,562.1354277977052
801,1330.7262977524697
802,541.1734862497206
803,380.6781220257599
804,685.6535224728777
805,373.491131529795
806,1063.6270766267744
807,710.746554874363
808,338.3930375279515
809,1009.5644191202828
810,1053.00943543824
811,660.0255258100269
812,572.7520856032679
813,986.3904127701007
814,536.4941758938712
815,2554.0333763212457
816,655.4487360703852
817,502.7761193309534
818,638.8655284493925
819,301.2197080520309
820,581.6088428750272
821,825.1515456815896
822,450.8222595787138
823,835.0521556907752
824,324.1700746876022
825,1727.96757386441
826,587.3804169647874
827,722.133673817505
828,607.4288782226522
829,486.25147140335866
830,311.75417924483463
831,864.9890646106924
832,899.9344793308965
833,647.7450551523561
834,334.4468596668894
835,414.0316570499908
836,812.8145231934886
837,944.066506068134
838,280.7810412392082
839,314.104931650093
840,575.1854048721116
841,1011.3351444134205
842,727.7179617385291
843,750.2259420123646
844,581.4941633743692
845,548.1293101568053
846,646.3195583473853
847,1799.9363087918573
848,500.0758761789248
849,468.57584049441084
850,631.7416086773428
851,564.4809472276784
852,681.2238105307233
853,329.70932653567706
854,621.1471788830258
855,703.8040583014354
856,785.7732442703891
857,711.369632537193
858,759.4230970077433
859,391.4973028865952
860,1833.71692884386
861,495.2035070331467
862,400.4014128666922
863,655.9967013277974
864,228.43166768783703
865,588.9329939783047
866,699.0209014286029
867,579.186795605221
868,304.5549553331566
869,773.7693706170567
870,703.2145506516863
871,785.3597288582896
872,645.0475215218794
873,1189.227274331618
874,921.0532246827206
875,993.5749003540195
876,429.46056835616673
877,810.1723115318573
878,408.0226549636109
879,1045.6830570335687
880,390.81551880159986
881,783.0028556163925
882,476.4397255314452
883,495.9291586116906
884,579.7790562404325
885,321.3032047348024
886,452.58514306561665
887,906.4344255012511
888,657.2230419015104
889,1238.69480320218
890,481.583058256042
891,2322.1867911915006
892,492.6754938126114
893,676.1620318778259
894,527.4590420151471
895,282.20602021967807
896,305.6394722946525
897,696.2447801487579
898,571.3863590253413
899,160.62714304311248
900,1752.1016514237945
901,413.29570083337876
902,935.0327852947948
903,354.64691030151516
904,638.2777187124757
905,405.65571430761884
906,571.7961530634666
907,538.066190626183
908,238.4819881688154
909,713.365926538323
910,448.65685490562555
911,534.4582427998976
912,559.5248111551109
913,272.49240219818057
914,971.736104900916
915,768.4744465042568
916,482.5029978529128
917,222.35818633929193
918,926.0088625645449
919,727.6003337594839
920,907.4715903593415
921,421.6983894692021
922,268.35625618786344
923,342.441649052721
924,779.3842684445572
925,614.835740187059
926,776.2191096816323
927,917.2003841910291
928,439.0828908079193
929,1013.7146375483553
930,545.2194769823991
931,756.3520150381428
932,709.3699744809992
933,235.6669837024283
934,548.7699465441583
935,546.299557081139
936,398.8744366461533
937,888.3793289044434
938,535.6504091743636
939,782.3221903257054
940,1451.4102747167708
941,448.86290522097534
942,422.3337395692206
943,331.69692686855797
944,790.5108020145035
945,767.1729802248001
946,1235.8159383228167
947,736.175502037886
948,1149.0565508372074
949,673.7267679050265
950,520.0660622532132
951,559.7333537757113
952,822.0569826940446
953,618.7815164391322
954,1853.6497643262546
955,486.886583665344
956,625.0271478896038
957,1341.6612830277973
958,464.0407349694633
959,620.0340401607409
960,374.8068903645726
961,484.0791839935464
962,845.8443457469493
963,755.9985852946556
964,480.7570134274565
965,452.51626765102355
966,528.9492361338334
967,665.6026694517832
968,1055.046927685029
969,549.4880853323339
970,1788.438213774688
971,875.1367718192441
972,1433.5781424495708
973,1196.3580163663091
974,660.9917886334542
975,827.4734313660301
976,574.4566854126851
977,776.295180993603
978,1135.2408581640275
979,658.3458707584623
980,776.1008006117745
981,701.8413944772856
982,825.8339944957197
983,641.712196027368
984,490.4125296012644
985,501.68225942033405
986,180.18618734728625
987,368.6581842667756
988,286.9140453331793
989,499.05011666878454
990,536.6743058825405
991,639.8360352356003
992,865.9079000040965
993,407.79195643723506
994,482.90608639976654
995,1334.9072532603032
996,446.99333715098146
997,266.7506448133463
998,653.5418512782389
999,426.4502923104292
1000,828.864886538212
1001,553.5111528025918
1002,674.1048586437228
1003,1436.8110504075312
1004,626.5992296852546
1005,410.2122626153723
1006,675.3504087788933
1007,542.9538447114583
1008,883.5094650641349
1009,928.9599866946874
1010,846.9703307563659
1011,1660.729029672446
1012,364.3187285520089
1013,530.9769927884545
1014,356.7552328421634
1015,522.4334871173523
1016,245.55025642470991
1017,735.4681385886861
1018,611.2360801628301
1019,271.0337694111049
1020,558.1542551879656
1021,611.9586976745213
1022,575.5560263896368
1023,817.866039321867
1024,338.88078839922673
1025,619.4379628281367
1026,636.8357735330592
1027,466.7584951744748
1028,1080.8777236058731
1029,692.006063230926
1030,279.4403561686895
1031,214.28524072519576
1032,334.50324779773564
1033,615.1334582409654
1034,219.81820655505817
1035,549.4402604250417
1036,590.0777707666639
1037,706.8844748663641
1038,1622.0444607832997
1039,442.0137126250929
1040,918.3430699567307
1041,772.9904258880078
1042,280.47837806694315
1043,789.3885043257342
1044,777.5185712242837
1045,338.7973704734941
1046,302.6944978602778
1047,866.0031891429899
1048,670.3056014491349
1049,336.73256424628016
1050,684.0634205261422
1051,550.2373210444612
1052,720.6785479668661
1053,840.0371338570603
1054,521.7682591720686
1055,352.6368020939917
1056,631.9865445873875
1057,643.8622649537874
1058,464.7406558223556
1059,349.7650157600865
1060,349.67296738753885
1061,692.7739574752259
1062,629.9305469843466
1063,336.15807451982073
1064,311.26984543710387
1065,408.27790223321426
1066,413.37308315928203
1067,929.0085338781428
1068,558.1436486515904
1069,739.9775974615586
1070,528.3741926156745
1071,460.31841061384876
1072,1472.0035151669426
1073,286.2453633096957
1074,526.4905399678746
1075,944.7217487698936
1076,671.5749811795804
1077,484.8410260061228
1078,528.3712230785713
1079,1325.545650045029
1080,253.7270911338901
1081,551.9455224316662
1082,887.4578745506742
1083,704.2515609388101
1084,412.2850843169972
1085,702.1977088072017
1086,268.23253074137574
1087,805.5278193077002
1088,738.0475647671938
1089,370.88225910558685
1090,301.97554197253703
1091,509.5071959698771
1092,583.5536584657157
1093,355.33665681011826
1094,675.1077949956798
1095,739.9039816291888
1096,830.154928946994
1097,565.3945934335934
1098,486.7898816632014
1099,405.8884889573719
1100,712.2223832314485
1101,560.5356104268812
1102,846.3294662636445
1103,288.8564219200289
1104,1456.3244537853925
1105,414.98905668787575
1106,555.062909625989
1107,792.6873774815385
1108,980.4614080900483
1109,462.7363567927141
1110,501.1528866477893
1111,277.570338206212
1112,965.3758424070111
1113,277.0038545687012
1114,721.7204077804581
1115,715.6281512138612
1116,563.6650817246036
1117,381.4170704619264
1118,552.2698122261963
1119,563.8429774234983
1120,571.3162169727129
1121,820.3299812802125
1122,575.0860346417576
1123,561.1266356081705
1124,1230.0472839108406
1125,451.03417943448767
1126,665.7184788084123
1127,599.1266969606377
1128,288.63361859679117
1129,469.31390352725066
1130,1001.1848050106155
1131,1710.6559674600821
1132,418.4921228624862
1133,555.6869277026808
1134,445.0701407822635
1135,346.02468114506337
1136,486.4436569352374
1137,1050.530449303279
1138,468.46905863480606
1139,1222.3065457421853
1140,551.565531167128
1141,1162.0397054238465
1142,673.4226092871158
1143,302.36614655321137
1144,469.45370108248153
1145,315.8286303380264
1146,996.0769107888
1147,288.3588766316898
1148,710.2601297073134
1149,525.3875166942689
1150,440.3198950193364
1151,267.84974583819803
1152,262.2929349246888
1153,1066.8325680581793
1154,574.5906888696645
1155,597.5806396947082
1156,637.6614748786278
1157,821.590555915679
1158,343.7362180679729
1159,1313.7358205423434
1160,419.0301449261224
1161,572.0181041265496
1162,771.1396925986483
1163,619.896332749353
1164,1036.0066616399745
1165,663.4144373769359
1166,595.2372418002778
1167,851.271453193619
1168,694.4983943241277
1169,332.8396516121511
1170,406.3927173296797
1171,785.2365390759869
1172,1245.8003352185897
1173,727.4494184563991
1174,373.51166504258435
1175,656.0124800349331
1176,652.5917865585225
1177,439.29158227614425
1178,225.14194571221833
1179,633.9792640646592
1180,525.8504397975139
1181,952.1292328510926
1182,363.61529522299315
1183,856.0455979437111
1184,816.2645171169324
1185,327.7148875365456
1186,224.36042112675568
1187,273.7345578831637
1188,847.897857310245
1189,254.841753609011
1190,870.6002211324303
1191,573.5349526766986
1192,717.8883023114677
1193,260.9206427112822
1194,1029.321170751009
1195,451.45575472602195
1196,210.41467974445823
1197,545.2285344253442
1198,601.188261536563
1199,338.25602918416007
1200,596.0955780647228
1201,337.21202660843755
1202,251.76096009355388
1203,624.1150870345209
1204,446.4225203687283
1205,682.9712280471158
1206,818.3329094979545
1207,741.003321979988
1208,474.8754505479319
1209,335.37293019033496
1210,745.0910097335445
1211,421.8763490712072
1212,108.74489674217148
1213,348.1249995532953
1214,387.7338899422739
1215,626.5954293566874
1216,364.8803655956917
1217,574.7349010618227
1218,335.0256486281869
1219,498.3934332326289
1220,409.7359067053676
1221,798.6220476029785
1222,320.23427220793474
1223,451.18310160098554
1224,1522.5557224268268
1225,1358.894408347639
1226,604.6329806143758
1227,507.16316149629074
1228,1165.2690440591496
1229,645.1080543965772
1230,753.2469111732744
1231,688.3418709546595
1232,779.7088641285536
1233,355.45381471867313
1234,1009.2283520684796
1235,355.7730804570401
1236,418.56902649457334
1237,659.3163807746851
1238,317.75905275829336
1239,362.1541500240219
1240,517.0750814209159
1241,646.860331199051
1242,981.7080479587485
1243,712.0154954566378
1244,964.2047443644688
1245,520.9695750799838
1246,444.0208192778773
1247,577.228123192298
1248,224.51835391805344
1249,442.388741400262
1250,630.3619595847567
1251,717.7596775508582
1252,581.2883912535499
1253,654.9938505407217
1254,829.912998930834
1255,658.2428152007542
1256,867.0222630598728
1257,845.5064261848984
1258,750.9251292085237
1259,804.6235652618807
1260,781.7631969160293
1261,452.08340041928386
1262,1188.7037488084597
1263,307.67151741478847
1264,405.8783768055973
1265,1722.8220700051115
1266,370.69764067183496
1267,549.6408198327345
1268,268.9328921482602
1269,234.5904726773224
1270,655.3604360022091
1271,774.9364068800196
1272,470.09055855934366
1273,644.6307983190854
1274,749.0475738247633
1275,279.1987754343536
1276,489.9017123150952
1277,894.4904688087026
1278,636.815809812615
1279,746.290998846569
1280,316.6123224648318
1281,266.117224177412
1282,692.4211408134988
1283,904.992549634283
1284,309.82675003008535
1285,573.7623504945841
1286,462.053425374128
1287,695.7459910895359
1288,1546.3364912663383
1289,520.6232852521562
1290,951.5704242219135
1291,767.5492693468132
1292,531.3566168951265
1293,274.2102559436189
1294,742.150932661164
1295,640.5463372144441
1296,715.9885239271453
1297,423.3741064294172
1298,657.3515922216775
1299,514.164407893054
1300,425.3058939758139
1301,626.0706317270642
1302,1166.4764774287996
1303,786.0653984765886
1304,260.8918647404271
1305,640.8914218720302
1306,775.5110078257976
1307,454.13151155757714
1308,323.04223317134347
1309,836.1611215517023
1310,320.16036700047334
1311,729.0555408823848
1312,401.5161066208975
1313,424.7920831934007
1314,790.5842489940605
1315,584.8118845842118
1316,1024.6313718309711
1317,923.7414669722448
1318,652.3592451936338
1319,757.358517855645
1320,251.52307019126874
1321,482.0078128653904
1322,1328.340962303324
1323,469.4035815603902
1324,1079.298271718416
1325,1040.0753983178256
1326,623.5572588224386
1327,165.9626246968519
1328,390.44203202692734
1329,555.232810402289
1330,1060.7895201389556
1331,1271.3309566978414
1332,720.9638077991931
1333,460.4458267085938
1334,1539.628361577833
1335,436.5451899617674
1336,321.70358216841305
1337,1339.559285320036
1338,380.5635223470272
1339,1368.1006145908468
1340,1218.0001855125456
1341,355.67673240833847
1342,424.0765332003202
1343,340.645465100396
1344,380.24905651771496
1345,561.8840804941574
1346,732.9608576032433
1347,1082.0096571304393
1348,916.6485896636505
1349,656.9720729915116
1350,1341.3650251303625
1351,837.0638025290837
1352,697.0089271660763
1353,329.34684382301566
1354,620.9281592535681
1355,270.4669822261667
1356,619.6653957495855
1357,1057.1372673256128
1358,285.989853745049
1359,546.9376577702296
1360,348.9580370304002
1361,1576.888314871625
1362,295.5678920512728
1363,426.9871634299725
1364,2038.5001133464093
1365,354.2999899191236
1366,722.1336188756322
1367,916.8049668137901
1368,421.0775701198245
1369,626.5579891659909
1370,451.9997312285659
1371,1019.6004486827951
1372,990.644503345783
1373,1181.4849956612516
1374,421.9898870878569
1375,529.1526752529253
1376,1774.0249715354948
1377,697.416828318721
1378,529.3810811794492
1379,465.42929331358937
1380,412.6215592052049
1381,567.2147431796739
1382,1952.1317008724536
1383,443.6794909952414
1384,314.32617331872916
1385,1156.9584373611196
1386,607.0801967149573
1387,374.7424388064537
1388,442.0706837901671
1389,826.640829346743
1390,637.5535712221099
1391,418.2476522811121
1392,672.6213116113595
1393,716.80023580748
1394,810.8308026212071
1395,665.4664358778919
1396,440.8611388263689
1397,1180.123923168182
1398,855.6152055495568
1399,1395.8307782456723
1400,503.8694869159781
1401,1257.969397480124
1402,794.9822073473251
1403,1000.2435067013066
1404,693.769817096304
1405,193.04633935807124
1406,455.0213437988041
1407,441.5066162804824
1408,1027.7384855200416
1409,782.2657257241326
1410,579.9130601407905
1411,1032.0659008819975
1412,1203.8241064990061
1413,1089.9652531975662
1414,1884.4219882847501
1415,421.1258131366303
1416,377.2589842708776
1417,1172.0345458646725
1418,895.8113994793794
1419,569.6682604869839
1420,212.1916863461811
1421,680.3332661042441
1422,729.5592843378863
1423,949.9751322318089
1424,436.5958682414521
1425,1525.8162177268632
1426,423.8897371206467
1427,571.4976100314743
1428,210.10823121870453
1429,418.0237073390681
1430,1934.316879221471
1431,668.92801189481
1432,357.5601127103264
1433,561.0139652331081
1434,274.6275009866704
1435,625.1344849418065
1436,1011.2009837196474
1437,329.5862046327102
1438,469.1605861058215
1439,759.5441823127494
1440,417.8676566622935
1441,318.73893682711423
1442,236.52696385000763
1443,596.4319921123833
1444,293.85931228794834
1445,543.6060656573609
1446,1054.237028824482
1447,311.92313129333434
1448,351.4676604112401
1449,246.83347994523137
1450,739.1729097933357
1451,1618.2583447255702
1452,638.7154003461437
1453,245.51036883919824
1454,325.4396484067511
1455,866.1335862523183
1456,515.220564304348
1457,701.9897534852207
1458,861.6083682652543
1459,663.0889373337432
1460,674.5339818186012
1461,406.97435410492017
1462,513.0042977321527
1463,825.3564709790244
1464,241.25034318773305
1465,503.44858748208935
1466,658.8664533921237
1467,1880.4127666669665
1468,523.1632404682678
1469,492.13825395402546
1470,1817.325095517681
1471,1098.366814267587
1472,469.98228488168843
1473,909.2806005884504
1474,401.61970778387695
1475,403.2309787934191
1476,242.8070457379581
1477,514.2148871217478
1478,282.49300775422853
1479,866.9695254260905
1480,337.70191427999544
1481,491.5755738753569
1482,525.4567473657571
1483,346.47230605437835
1484,287.8919492928844
1485,413.4650001802447
1486,555.2378974180856
1487,903.372877581548
1488,984.6272674226766
1489,372.97512726822515
1490,2828.4659385216137
1491,298.8295851621324
1492,523.8792257160567
1493,856.8196854791358
1494,389.140829695456
1495,839.0698878635276
1496,751.1606100214267
1497,387.6751607560782
1498,527.7507727845496
1499,494.46847907588744
1500,463.4178608322918
1501,411.27955910500077
1502,562.1656429379536
1503,633.6974495792856
1504,461.0998644052497
1505,764.3063542175742
1506,847.7089864293339
1507,866.4351387529177
1508,408.88556453168985
1509,859.3988150694795
1510,583.8764463268699
1511,745.9200377409306
1512,368.7135312096989
1513,279.8735854368051
1514,727.938453532548
1515,709.2883944407422
1516,557.1590047725331
1517,671.5076926441143
1518,587.3602601476132
1519,666.4427815816616
1520,877.9115778566411
1521,605.5116071911716
1522,568.7583710319022
1523,832.7366025749452
1524,1314.1987923037896
1525,1000.0044845476586
1526,959.7848385618126
1527,496.4432287007139
1528,405.8062164905623
1529,478.9924909680749
1530,766.8602796315272
1531,481.38687325109913
1532,393.3799460220598
1533,509.70021101965995
1534,751.0830749042998
1535,842.743844408531
1536,726.1442485599882
1537,886.0311070367416
1538,435.2260286687879
1539,901.1683613767982
1540,549.3355556709794
1541,1840.2110361925616
1542,1582.6331565383834
1543,666.7517314880852
1544,431.91983262555914
1545,427.9053004153038
1546,491.4827948412667
1547,623.0506425192316
1548,115.7851865019793
1549,1016.2033048059857
1550,464.6532569285646
1551,771.7035474435424
1552,712.7455000920236
1553,628.2303164584773
1554,364.86987026083716
1555,1973.4211730368434
1556,1132.103089313825
1557,891.9496313569116
1558,379.3024842478735
1559,298.0646217852118
1560,574.5346643757639
1561,483.4486098099069
1562,768.3363621448652
1563,370.9886911330941
1564,545.2335209323373
1565,690.7204315111321
1566,911.0773223936876
1567,984.3865345757022
1568,713.1572729742575
1569,1238.5535423202573
1570,1182.40094106588
1571,561.8360864514998
1572,407.50895340537863
1573,422.6133529657445
1574,872.313871498025
1575,812.9748850123397
1576,876.7437633527288
1577,780.6207369825588
1578,525.6532620636635
1579,734.0525578806282
1580,560.6307436765592
1581,252.56207929467837
1582,997.3516023261354
1583,325.50622885828034
1584,561.3273287380925
1585,420.5457351131872
1586,859.9627187681363
1587,762.5910114859707
1588,1204.818946215646
1589,325.6012343492921
1590,535.6351867038811
1591,858.0158979064363
1592,341.9487699072379
1593,463.6771312550318
1594,1289.0378070964516
1595,826.7840084332256
1596,644.3365110854493
1597,1693.0999929433
1598,432.1944700902768
1599,447.76011020968144
1600,604.7580252748576
1601,292.9853959079028
1602,575.3063159638477
1603,747.8070452681623
1604,841.3215414239585
1605,1048.9230980943885
1606,291.6677830347535
1607,239.0091635287199
1608,458.7935975007613
1609,783.9472228946606
1610,650.913045151734
1611,152.7218268374163
1612,552.6649897609077
1613,926.0777872833978
1614,457.40915339873663
1615,599.8344596937923
1616,114.98564223374433
1617,689.6470574879413
1618,721.4288152572881
1619,797.817490561768
1620,306.8873750310113
1621,395.29607201520776
1622,1230.715477804969
1623,257.2029987639062
1624,430.60785085388034
1625,651.2110578234224
1626,1122.029589248632
1627,373.63408440087824
1628,1430.4653591877495
1629,1084.5881495601088
1630,903.0929293844965
1631,575.7120355605994
1632,2964.219590890074
1633,222.4346924434658
1634,1788.9728667582986
1635,942.880664871409
1636,232.3076308134714
1637,1070.9257007429896
1638,438.7014408108316
1639,290.90000267026244
1640,425.9566412747563
1641,586.5021992976499
1642,928.9233048689975
1643,319.5290541037566
1644,497.2937876400847
1645,891.4459752168814
1646,919.3211756183391
1647,410.39594047297305
1648,1032.0911361436156
1649,308.1294858160645
1650,543.479732482404
1651,1021.9503540743217
1652,263.33576366183115
1653,547.0752092564126
1654,541.9892740263558
1655,418.18227776203366
1656,1018.2168994798913
1657,481.0952683641235
1658,448.5338278547397
1659,713.327081159121
1660,672.4478194110288
1661,613.6397204083423
1662,669.1097751317702
1663,526.7733929392462
1664,745.5772105113556
1665,672.1395429925478
1666,455.06653489781456
1667,1397.3295523710203
1668,561.5827293708126
1669,609.9208002531186
1670,496.3719313453321
1671,674.6305010385104
1672,632.7229270377584
1673,517.0728347231516
1674,286.7719204622181
1675,1392.095379674808
1676,1240.331231181519
1677,756.6488385418397
1678,848.3409198514346
1679,468.15245466087254
1680,415.0174436438465
1681,637.7649280187134
1682,313.46125865054546
1683,508.39506642395827
1684,428.9106104345947
1685,300.09903504082104
1686,1197.9997655639254
1687,994.9959740251952
1688,300.2702279929608
1689,890.3150193393394
1690,525.2498209798187
1691,1242.9633737440781
1692,679.6111791971889
1693,1140.8541500344118
1694,1056.1982120276753
1695,273.2721287217573
1696,410.18315867265665
1697,792.7452608533058
1698,851.4170175320514
1699,817.7354024807364
1700,1137.8123040935225
1701,401.1757491245535
1702,440.8063942627041
1703,544.124269376538
1704,878.1079861900917
1705,653.9044651625254
1706,503.48747779620135
1707,507.25668204682097
1708,1071.3691293764741
1709,473.3720298954131
1710,434.33901162622806
1711,471.579716383294
1712,518.0705345175602
1713,291.1598506492828
1714,349.01742837101847
1715,289.5628198780769
1716,1259.4905287074844
1717,399.3950725536379
1718,539.9443916933951
1719,507.8176139962943
1720,652.1516818893451
1721,202.46368575449924
1722,896.9542945490548
1723,599.4265479492815
1724,410.14406463469277
1725,215.2215288356856
1726,636.6621644915758
1727,594.1722169094201
1728,249.2405985637497
1729,641.7926523813039
1730,572.7001834465427
1731,744.7936129654718
1732,628.5760155708404
1733,1161.9764813627407
1734,1022.9961237974003
1735,149.03504932477335
1736,427.6707688944234
1737,572.9261011871049
1738,588.7520327369521
1739,731.4120841269178
1740,1061.1253469429112
1741,743.327183894904
1742,552.4007071374617
1743,244.8569016933825
1744,383.29574291444624
1745,1002.83258136933
1746,783.381649089777
1747,660.8962207332243
1748,509.21364702241226
1749,346.4337937467062
1750,437.26242401846775
1751,395.725792630009
1752,776.2475060791157
1753,498.9962577586757
1754,359.9546572515919
1755,587.202097450876
1756,664.092782597806
1757,627.9219890203312
1758,720.7161601922371
1759,549.722279975339
1760,817.4266126776456
1761,1054.261754330606
1762,1108.5106311663876
1763,633.6309007202244
1764,368.1655167343588
1765,460.68633688442515
1766,576.4081339987533
1767,719.4885446623475
1768,965.5632179618424
1769,446.492623136829
1770,644.4546630849827
1771,633.2193746047114
1772,835.7326520687757
1773,528.6565812264871
1774,793.8978931289776
1775,881.3631115695835
1776,1208.0884640178692
1777,302.71503602781104
1778,902.743519087935
1779,690.6504326299228
1780,454.4425594832537
1781,284.8106544428538
1782,356.1948508242576
1783,985.8857854733978
1784,868.5784337079076
1785,281.9270234660744
1786,1110.7960623064228
1787,983.6966811446409
1788,396.0148294786368
1789,712.810504679539
1790,490.15029089452037
1791,874.6227675508808
1792,201.33685370092007
1793,476.2255006288806
1794,881.739631120533
1795,688.5267436081567
1796,600.1497498786921
1797,732.4575621323947
1798,949.0550587785774
1799,791.7011838010521
1800,579.5664829935704
1801,594.1268542517009
1802,1025.4939566236962
1803,1033.0263327126358
1804,716.9764046675436
1805,1010.5612858080121
1806,1012.8142370281175
1807,405.02051680454315
1808,746.0563159090116
1809,254.09354737997728
1810,647.1317096188814
1811,440.5438271155508
1812,689.7979231634627
1813,458.90985142484533
1814,959.4945141507651
1815,379.9587005657695
1816,346.49479640836125
1817,525.8644972125021
1818,530.1500639345631
1819,831.2229998096946
1820,1380.451349909822
1821,400.5028464116349
1822,1063.0115950069485
1823,309.94701210956373
1824,744.1873212897344
1825,503.1212731313435
1826,618.27390227651
1827,1284.6139406157445
1828,658.1664986794631
1829,654.4331061174589
1830,422.54109811670423
1831,300.0821452722048
1832,544.8160245034514
1833,461.7994884477612
1834,785.2618973878461
1835,738.3373263622352
1836,851.4319065921436
1837,666.752552601296
1838,488.7859429931714
1839,1097.7355028956672
1840,515.9948158110028
1841,436.13711750238326
1842,402.09425757669305
1843,605.9695181201178
1844,936.348305747033
1845,414.9448428279293
1846,1268.1827617577092
1847,407.9879215102883
1848,278.6107632692647
1849,568.2681991667814
1850,1151.3395095520664
1851,478.7941301254077
1852,693.3286555413688
1853,428.25187240376
1854,400.2772815204753
1855,1273.3055468872226
1856,1016.0156208826174
1857,423.3740604401182
1858,774.4939421041781
1859,490.264499794509
1860,386.36549862031825
1861,217.64059374509998
1862,1084.5029614153118
1863,848.9496753850735
1864,348.54763699058367
1865,577.6441661843355
1866,848.3675533433125
1867,320.48952015966006
1868,1077.9382816158932
1869,535.6063883447559
1870,308.43749951542304
1871,1410.6869440363798
1872,1304.3917721062799
1873,783.8055015790351
1874,688.1720250213903
1875,434.2090844082368
1876,737.052202387009
1877,925.9413023988363
1878,322.4973107130363
1879,586.7116265583018
1880,486.3460084743574
1881,767.8695560596325
1882,325.3838991861994
1883,710.6638367246078
1884,494.55977815273127
1885,322.161111018916
1886,402.6640976973031
1887,495.31207130363873
1888,437.0731519748151
1889,413.73477140854357
1890,724.2427743215103
1891,553.7832732833531
1892,752.2146898974033
1893,348.0531810716111
1894,365.26629483117176
1895,934.9874686223038
1896,403.2784651808879
1897,368.48934424411436
1898,390.0021527498093
1899,418.92489270176884
1900,2097.0724137322286
1901,881.5551674685084
1902,330.1541131079748
1903,1148.7525363704071
1904,738.0340397825503
1905,1446.4222784723597
1906,756.5336896698473
1907,1727.9348174978013
1908,504.23846278985
1909,260.5160519839774
1910,662.9574605552352
1911,666.0983111705355
1912,426.2108949603744
1913,596.7986618807554
1914,864.9828189655882
1915,688.894462300319
1916,1125.9410042169002
1917,284.0507453296468
1918,900.1579458809429
1919,621.1121838359859
1920,694.6711463693064
1921,983.5812009507354
1922,602.2309185716222
1923,490.76726942272853
1924,358.18144009280604
1925,779.3001315353313
1926,558.2667101704728
1927,500.69071196516506
1928,467.1803377465276
1929,390.15502250576355
1930,489.62637417648693
1931,589.4227338362598
1932,1027.815509200028
1933,333.57614449180164
1934,628.6689301486231
1935,835.1478026379464
1936,563.8065910508712
1937,567.5360767148013
1938,448.66292205616537
1939,622.777635747877
1940,552.8254144700013
1941,518.9579580276477
1942,535.4081017396802
1943,731.5633154201068
1944,437.01566076810195
1945,1060.2777279771653
1946,521.6353939422161
1947,588.6199531522861
1948,301.0531258807978
1949,767.6513438451857
1950,536.8049053837076
1951,654.6636856512359
1952,682.9012648299331
1953,525.9191995368637
1954,708.4649312236361
1955,753.969304771922
1956,465.7128461204411
1957,236.2430919597191
1958,928.3486525795151
1959,642.0528353323953
1960,343.5289147743888
1961,935.641401251698
1962,660.5534408434514
1963,597.3790515416258
1964,621.1039618795439
1965,849.0817858600185
1966,879.8842703844184
1967,142.44120322188064
1968,493.1341257303993
1969,932.9627767473057
1970,159.11386174140625
1971,357.8218343519593
1972,359.2797334963061
1973,337.9321177758693
1974,813.600218483909
1975,366.76808824076306
1976,953.5462474855685
1977,400.8184503912753
1978,409.41149086848236
1979,369.9645997678299
1980,1099.251791123742
1981,561.9714675699806
1982,1069.1477600251465
1983,445.0966041012207
1984,237.56176143291032
1985,299.66246235574
1986,700.5305813912582
1987,1075.427937906641
1988,494.2266553227664
1989,992.5249712623336
1990,922.2314034653427
1991,333.6479946808604
1992,558.5674163636822
1993,798.0011048916604
1994,427.54479743419597
1995,486.97712949323704
1996,547.5957376771466
1997,565.5365724026233
1998,651.299814132246
1999,311.1608118200129
2000,494.78119444732783
2001,383.11970268275854
2002,865.1249319741519
2003,353.6328919581656
2004,1235.3263888183346
2005,298.1741663486064
2006,185.75461183663447
2007,852.0528048744281
2008,1419.2687503499592
2009,935.1096412465486
2010,391.5996098914002
2011,986.718272361476
2012,745.0099393227838
2013,451.0674665514143
2014,234.35929591873628
2015,308.34925195057076
2016,476.8280122753358
2017,1473.1315719325594
2018,307.8615944163448
2019,631.5517196444334
2020,428.24893163163415
2021,932.5126790164732
2022,287.26516486434593
2023,701.2174686892595
2024,1337.062483395477
2025,531.6476110060048
2026,714.2092464934613
2027,851.5603683768795
2028,626.5631862482587
2029,1214.3330515862544
2030,875.5529409899527
2031,479.7851579398912
2032,875.1796477633334
2033,930.3288284474393
2034,278.8567102245761
2035,795.9515009489542
2036,578.3867257078255
2037,507.79888015481083
2038,554.4852023571839
2039,787.813851479229
2040,336.5448003007141
2041,1449.8139793296168
2042,688.6095353258997
2043,611.0290034874743
2044,406.09310115678727
2045,826.8652025494839
2046,145.0054534307692
2047,863.1705215583052
2048,1308.1829325226227
2049,835.7534775167569
2050,1366.596704372002
2051,408.8717981196196
2052,436.6115003394334
2053,1017.6359798109461
2054,281.3803316493568
2055,310.5710972103898
2056,863.9101344427963
2057,1213.4090555237835
2058,172.5282748298623
2059,387.1254941354691
2060,538.0007218318187
2061,1122.1916159117682
2062,917.4571821836971
2063,682.0135032408607
2064,582.6495123857376
2065,411.7902146348906
2066,594.0966650615146
2067,471.4328958648748
2068,444.9127080258959
2069,613.8661694957063
2070,247.25556184221205
2071,415.14039758523904
2072,872.4966868806823
2073,1201.7492058679127
2074,926.1893969742969
2075,448.83378976106997
2076,884.7838874596864
2077,515.40712931692
2078,293.345765801223
2079,490.5439869061174
2080,424.2841261350977
2081,495.023364937123
2082,807.5226533087707
2083,558.9081450227313
2084,760.3412314694206
2085,404.4922727317489
2086,561.0613995249187
2087,277.4871045930804
2088,452.7939654185084
2089,504.9610529135589
2090,503.7278042964417
2091,436.9523619242709
2092,2112.8166491818147
2093,411.55731277537325
2094,594.9196285682101
2095,412.7154416882595
2096,1264.0949832502865
2097,486.6075357742038
2098,1107.8973547009227
2099,406.4189065412411
2100,686.8374735153111
2101,561.3514261574492
2102,768.3136514655753
2103,509.34706419625854
2104,579.9525907316238
2105,1219.9482601859681
2106,451.12543790050495
2107,518.0993484872351
2108,809.2305352462254
2109,230.33940629987865
2110,1492.3046841394616
2111,700.9946139408939
2112,992.6122424765854
2113,608.9249049745367
2114,1173.640792524271
2115,239.30675115425765
2116,2279.875937575118
2117,687.5643115989942
2118,765.7168390810166
2119,735.9656693977695
2120,378.9743478887649
2121,594.336209206771
2122,461.2202530473869
2123,522.1386175387152
2124,384.2757952619404
2125,585.661843728386
2126,343.6180809786938
2127,360.08507252986146
2128,638.3566520522627
2129,492.52598534579374
2130,372.2667193877933
2131,200.6038202090831
2132,255.98932855722796
2133,744.7955701317678
2134,485.4826158165606
2135,1277.5717088054162
2136,1223.6498449791725
2137,309.6175609548309
2138,263.70452707162985
2139,1391.271848596829
2140,414.1736312016101
2141,603.9215231849357
2142,775.4288144177781
2143,287.1820552885083
2144,1302.6216313081932
2145,895.5283649661669
2146,515.7160304760173
2147,270.16729544054397
2148,504.48088057044333
2149,453.3796128135782
2150,617.9666194699166
2151,617.3180161845858
2152,926.488686269041
2153,624.7063653523373
2154,898.378031052117
2155,474.6037080438846
2156,777.5788948174659
2157,936.5846134796611
2158,1526.6925853931134
2159,262.3985454007461
2160,522.2197477269037
2161,885.9226275910396
2162,740.7178610093342
2163,496.3682608890158
2164,411.72558853618375
2165,392.06426586667203
2166,734.5596861412723
2167,355.855571597418
2168,517.782278557982
2169,1307.2507794644562
2170,932.2427403292368
2171,589.335890598446
2172,543.6603220800353
2173,568.7676671536046
2174,1118.3021808808971
2175,496.7508728915109
2176,275.48014054549367
2177,1113.2093381269733
2178,333.62621041949023
2179,817.966716836976
2180,944.8162415095667
2181,494.8563056383846
2182,553.3021644621685
2183,590.3175293902059
2184,236.7933994969726
2185,402.9486854978395
2186,849.4724701891764
2187,586.9601647322588
2188,813.2920453734096
2189,775.3510909995148
2190,400.89434218874794
2191,614.1301418823941
2192,886.0696221534054
2193,585.1042347750144
2194,782.9814072495665
2195,693.9068540156786
2196,366.55233519436297
2197,466.5072906665864
2198,600.8326264452326
2199,637.3130941225427
2200,367.1696613523727
2201,671.3882502169536
2202,593.0481703629375
2203,786.59715085891
2204,498.90694411238746
2205,645.2079590450812
2206,843.4466335293391
2207,535.1277009660771
2208,796.1563634606573
2209,552.632008292735
2210,280.6232563067733
2211,927.3706906693133
2212,312.1610207362137
2213,617.8006266408865
2214,809.1638680318929
2215,224.4850596670367
2216,905.8494722702071
2217,1016.4712214613255
2218,621.1558364769271
2219,393.22049033185976
2220,998.0953543539372
2221,1580.880811774443
2222,410.0477687172197
2223,578.9219699826008
2224,533.885084929786
2225,670.0166949955474
2226,883.5182069988277
2227,606.6895811789773
2228,222.79496452709554
2229,712.3827555502385
2230,1006.2219916069489
2231,1353.5548958002682
2232,342.0270325324018
2233,293.3013505058698
2234,604.8105173322656
2235,770.9866412123129
2236,733.540084585864
2237,899.7876205318917
2238,747.7960030930635
2239,736.3206008034704
2240,835.4079483180567
2241,693.9594142050455
2242,509.7547687229562
2243,1287.702216096457
2244,582.6135150863865
2245,676.2817906064565
2246,730.365530326816
2247,1130.245592545397
2248,1903.4726672517845
2249,206.53551544105267
2250,620.4065544652331
2251,803.6569886326033
2252,720.0749823855213
2253,1926.3517734064635
2254,455.2870163541138
2255,403.5849454136687
2256,1255.6924646335528
2257,-232.51360923782613
2258,511.1333027986675
2259,900.9452729852219
2260,550.8245033812091
2261,437.46181302358036
2262,824.9029272855569
2263,610.3003657271265
2264,664.7107189260232
2265,633.7894176601894
2266,468.29438095677597
2267,816.8899917253011
2268,650.0959351754582
2269,406.9106470693205
2270,440.77074368859394
2271,394.47879370559895
2272,833.5697638698521
2273,710.1727501411069
2274,299.1332982526137
2275,1060.8918584712192
2276,940.4809747896352
2277,386.53010564238866
2278,661.0611190695709
2279,837.4056458128243
2280,1497.7752533729845
2281,630.5698070525914
2282,639.3368058304713
2283,366.55068606722216
2284,282.9209770648131
2285,627.3907689440748
2286,527.1152783019579
2287,773.9491876461288
2288,463.312994762834
2289,400.56644508332647
2290,1018.2961643590897
2291,485.3169478570162
2292,633.9980988878806
2293,283.37936160648405
2294,719.5327701405677
2295,396.7824172463979
2296,526.5737355074252
2297,395.4640518059459
2298,790.3569401065379
2299,229.82004666867397
2300,289.9842572435773
2301,546.8718576772562
2302,835.7102276887917
2303,517.8347534502564
2304,446.50784162640866
2305,323.0232460047364
2306,784.8233552240126
2307,628.1778242117161
2308,630.1754550199767
2309,819.5356938475052
2310,716.3437206197559
2311,1570.0048420854046
2312,280.65935447924494
2313,637.2969824454422
2314,904.6970031681458
2315,725.4795117365302
2316,510.6570575318474
2317,707.2178805885087
2318,544.5534482462008
2319,393.33690542712066
2320,932.5416223692791
2321,738.6946569284019
2322,500.70472405300734
2323,393.68846307712465
2324,375.4434812820691
2325,337.9231061141627
2326,582.2827920323698
2327,522.8657224323597
2328,257.28731591677206
2329,478.823234988643
2330,361.79971574347564
2331,1062.4307465406437
2332,711.3134709972892
2333,893.6752691396159
2334,346.39679848899596
2335,723.6114831035829
2336,724.5297943924097
2337,272.3610018690815
2338,564.0973200254675
2339,421.36794174124407
2340,451.47887196645115
2341,1125.0490999868143
2342,503.48901633894366
2343,500.9101684427187
2344,405.8806040472182
2345,502.0877512718398
2346,1673.6621722230484
2347,612.444026804601
2348,512.4782270909172
2349,365.41907729621926
2350,1835.9313308229584
2351,305.45203984034106
2352,266.71679856355786
2353,389.7379830425325
2354,578.8818753936284
2355,1206.025717494991
2356,404.41058686568704
2357,462.00784227599706
2358,637.1702850550864
2359,838.1582057236392
2360,1075.2241669648383
2361,778.5803818391405
2362,1107.723035666072
2363,509.05952525177963
2364,1107.4639168205013
2365,993.3862441527626
2366,529.1431701493166
2367,489.66592885737555
2368,1040.949858889422
2369,1353.275680426923
2370,331.95305164821
2371,879.9830996954406
2372,691.9749697408452
2373,932.5509336542027
2374,1004.8296759144741
2375,463.8129468411307
2376,813.9120329699326
2377,928.6387067488022
2378,486.18096883902126
2379,487.67045362516
2380,789.027658668294
2381,1600.6519600755064
2382,481.236319294213
2383,103.8543962109552
2384,704.1094339427891
2385,431.89826845535663
2386,800.484722929722
2387,289.066533221343
2388,474.01910522188336
2389,324.3099381160673
2390,1655.4860672885716
2391,822.9412148652418
2392,624.7437157819113
2393,508.634696779357
2394,584.8189735130254
2395,528.657491984618
2396,584.2230417943447
2397,1478.262397883912
2398,357.24154722317235
2399,809.6927731450605
2400,943.2939142067034
2401,370.196696060103
2402,1341.7017126936817
2403,1141.3317597895875
2404,925.6507324697268
2405,417.36498478298927
2406,418.178792706859
2407,754.515980553113
2408,573.1445945656997
2409,1662.6416995243926
2410,643.8825143664053
2411,880.0164860554578
2412,593.8201969450665
2413,473.74937317053264
2414,612.4120924523104
2415,936.6378049939458
2416,832.067069550094
2417,1067.2413784264809
2418,538.9433578595899
2419,847.8458467719101
2420,1120.9065234521886
2421,658.9118146602541
2422,470.2353485616586
2423,1182.5477848200335
2424,1410.2585950808998
2425,905.879566968285
2426,586.8198066719278
2427,642.5576474969148
2428,392.809290618
2429,461.70402796974395
2430,298.24528940700657
2431,294.84509572504703
2432,358.2329042670772
2433,665.7705486941668
2434,529.5056561890606
2435,164.4881293435783
2436,630.5604386855248
2437,701.777380861663
2438,1005.466549713793
2439,640.9757691993291
2440,708.8692599600972
2441,297.4030982862678
2442,1905.2598959658171
2443,798.7244963034882
2444,819.7730277855981
2445,482.46438816217324
2446,130.1645687663331
2447,618.7025314453576
2448,937.8598694857101
2449,1623.927100558626
2450,723.5579328599651
2451,1259.2596600847482
2452,971.2301176012634
2453,387.6898015158031
2454,916.1348237353568
2455,408.30275059737596
2456,556.6031463320669
2457,1212.5572259544015
2458,915.0325007445081
2459,728.8245381018587
2460,293.4266892526466
2461,502.1552434016821
2462,546.9706207808558
2463,969.8691941175775
2464,467.30601356558054
2465,1960.089749298153
2466,186.6477124277635
2467,657.5031923737797
2468,375.8691629902869
2469,1043.2571971034113
2470,437.24886267765214
2471,898.1083028865087
2472,308.6729250196895
2473,641.10265551048
2474,522.3174998258701
2475,722.8856608711167
2476,298.61596776088936
2477,341.15618866752084
2478,390.283795563847
2479,607.4692353923256
2480,1237.7587260021219
2481,516.6774531889914
2482,394.7772775529065
2483,602.6752238327772
2484,645.7970012236028
2485,951.7538659578595
2486,361.802344552304
2487,487.8420875310876
2488,523.5990618158849
2489,548.3405192957916
2490,560.0680741239294
2491,1100.2103738521992
2492,224.35423983983674
2493,776.7586842092232
2494,856.69880674265
2495,689.9380982516177
2496,284.0980804592846
2497,389.9594280622905
2498,701.1930912396138
2499,611.2624519401261
2500,1064.0793692786092
2501,1375.6149713410723
2502,1079.2785947683178
2503,422.0384661962107
2504,742.9857005175345
2505,319.8648095555118
2506,479.6370848988445
2507,863.6818906628132
2508,462.6928085901509
2509,311.4628194487841
2510,581.744247033489
2511,865.6585055397381
2512,828.4707450054966
2513,1293.3336604625129
2514,639.3864937448898
2515,1025.4467905712272
2516,749.9763459233682
2517,250.4764751241264
2518,294.1335367326392
2519,261.3634809117075
2520,2914.497197467611
2521,1125.6017860803313
2522,617.0473575080732
2523,337.2640169299957
2524,787.1467995709854
2525,363.55097466870666
2526,707.9964085161728
2527,832.7606032674385
2528,1363.932169696458
2529,1155.4135673714009
2530,799.8945978045613
2531,1085.5443281998996
2532,864.401112282384
2533,520.613751463321
2534,458.79847350393356
2535,285.0948515235559
2536,639.7867389416633
2537,369.31197264992534
2538,354.9035181454401
2539,380.694894928738
2540,507.50010188243505
2541,480.8290453297732
2542,1281.4342169787133
2543,423.5388636640655
2544,352.95291472723966
2545,380.50619343319613
2546,619.8000650558724
2547,384.99998737715214
2548,794.1785202901001
2549,770.9947641618073
2550,1150.7250719334252
2551,777.3039439727572
2552,942.3847216554632
2553,549.6731902556421
2554,654.2813258835313
2555,1076.7242194832334
2556,656.2413488687225
2557,696.8308289414563
2558,1075.686123135526
2559,329.44252044545465
2560,693.4261292106603
2561,632.1062300485901
2562,628.4015781775006
2563,761.8970159220717
2564,157.71211406108796
2565,537.2417374999923
2566,1713.6682299316117
2567,606.506701516154
2568,375.18114016048185
2569,317.6939071338966
2570,357.6753792592672
2571,618.3760763677292
2572,983.2099989856888
2573,434.2776630252629
2574,232.32859440728134
2575,815.7097056979756
2576,418.1519666775166
2577,1002.0441268428194
2578,801.4129349775731
2579,219.58205923162132
2580,1063.5493169676956
2581,1700.496850280253
2582,333.2242317676919
2583,1067.2161690795638
2584,627.2363308764707
2585,382.5202212423346
2586,273.0671909071252
2587,422.230599163383
2588,484.35505832330546
2589,276.9291544246835
2590,555.234802736767
2591,1339.6931555556112
2592,1100.0852183452616
2593,347.9973374889569
2594,397.9986251142054
2595,1441.4334949051054
2596,388.4389175606175
2597,1014.5978729444369
2598,621.8929391872189
2599,231.31084260176976
2600,545.3136809402758
2601,694.267995439066
2602,469.2867112987997
2603,713.9830342963432
2604,677.0655113833427
2605,463.84985045318535
2606,606.8476148828559
2607,747.0890269721986
2608,1921.524435957116
2609,635.4083210199169
2610,950.4185975283017
2611,697.1049016764628
2612,726.3478791720945
2613,436.13646297502873
2614,656.1885742143259
2615,512.7003456784905
2616,652.6116970753392
2617,1242.5110627707072
2618,1254.047306585775
2619,680.3638392273488
2620,385.6280782033191
2621,132.91613960829727
2622,480.6476412897664
2623,327.3749721024833
2624,448.6207711825491
2625,408.79757355293987
2626,467.326264480248
2627,426.34381697052686
2628,1091.5981972764066
2629,759.265628700854
2630,775.8836437713007
2631,464.49434026719973
2632,768.2118144400147
2633,607.1882484559183
2634,1276.4677587082988
2635,424.96094573903065
2636,281.2476788947524
2637,1495.1079286168479
2638,887.6671206176716
2639,642.4315093805135
2640,750.6824404308227
2641,405.62396662091396
2642,321.1183300213015
2643,573.0398652592539
2644,949.7337318466198
2645,114.96699314613215
2646,863.7671082230199
2647,411.15385862686526
2648,489.44536720320593
2649,618.2220510253965
2650,418.57040938708633
2651,379.8666609502043
2652,402.74747476930315
2653,270.6082135697852
2654,410.84028447901073
2655,1059.1408473693546
2656,627.1255434832701
2657,732.1479622073339
2658,869.0426694888984
2659,586.5022571190675
2660,503.79462801571844
2661,280.66214775231765
2662,337.8043088701652
2663,398.96606044083364
2664,347.72553968683496
2665,419.815146689466
2666,744.7782923374607
2667,944.1985524179645
2668,510.72576093292173
2669,785.8714427235027
2670,1000.8219593359008
2671,459.4016501771439
2672,646.402379774444
2673,308.1884894795421
2674,1441.5557575032735
2675,632.9501356722385
2676,1228.8017660261366
2677,368.15592853090857
2678,246.21884701798808
2679,357.65999148370065
2680,217.23152411846786
2681,309.07963616471443
2682,565.2329479628916
2683,409.8723433005116
2684,708.9727063354885
2685,528.2880711257449
2686,616.2787591467913
2687,1391.7163014434918
2688,818.7476792860216
2689,428.8852113147095
2690,314.9284073628669
2691,428.66667422897444
2692,422.9425944851455
2693,329.7855742167294
2694,404.684893248299
2695,342.121566826253
2696,515.5553838610786
2697,942.1019148769819
2698,1665.2974390516747
2699,362.2326488523231
2700,355.7384829540033
2701,539.4224008463843
2702,557.6674953569827
2703,1465.0020129202449
2704,521.4752506440154
2705,1265.916205318802
2706,805.8742944530213
2707,419.16903043813454
2708,666.5340421266637
2709,553.4923687951996
2710,235.28951555264666
2711,336.1671028076653
2712,612.883282427294
2713,349.7525808027867
2714,877.6382233294353
2715,533.1550595056578
2716,1709.8688506633507
2717,269.8484010484708
2718,617.318827534571
2719,1139.0910395956435
2720,1176.076176101541
2721,571.7856295147485
2722,1299.376726832531
2723,511.138979295225
2724,849.7158039904461
2725,898.1025939500687
2726,803.4196636068564
2727,584.469010366899
2728,423.2492625003697
2729,280.6624304910565
2730,375.0884484797016
2731,153.74931014647245
2732,547.857463349721
2733,453.18710062043283
2734,242.7357579364434
2735,292.6270470198915
2736,395.4167495007059
2737,358.68099185998017
2738,663.8860525397249
2739,942.5939828732071
2740,869.1124715008054
2741,1300.986958710052
2742,354.6566992061853
2743,604.1446783402862
2744,647.8917204560976
2745,1035.736607240009
2746,468.88108661555725
2747,660.9704207581599
2748,563.4930446584231
2749,594.1226810516491
2750,616.5223559381802
2751,855.761433285581
2752,470.5097845738046
2753,385.43118145518656
2754,1054.0992088061712
2755,361.25040625315523
2756,261.468574203921
2757,328.5238573366332
2758,433.3645530912909
2759,404.222431286903
2760,303.242618574016
2761,415.7252372863486
2762,408.82282613345706
2763,1093.419995657282
2764,695.5390411383369
2765,512.2353429110008
2766,750.27946053922
2767,490.38778108310817
2768,705.709752796387
2769,620.6258536184523
2770,497.6967619153511
2771,461.1642002774097
2772,558.1903328302551
2773,285.3046884914511
2774,745.9741944087291
2775,766.4528897431755
2776,896.4105310642353
2777,331.5921103587134
2778,529.6683506021609
2779,1059.0004067336613
2780,507.259822000874
2781,222.17935111225052
2782,523.8584844130319
2783,343.162553350473
2784,710.2156861354733
2785,135.9243896656053
2786,479.940697557503
2787,1689.1052787301242
2788,365.7943631809567
2789,219.28141843921094
2790,1083.7142150521859
2791,411.2057558666165
2792,298.59169320815545
2793,487.2820481743165
2794,637.6791674920578
2795,704.0886312638349
2796,650.0305691765279
2797,833.1446706269962
2798,636.7214824444973
2799,375.44776086729144
2800,529.5296540048621
2801,544.7359328025013
2802,244.2167635185533
2803,1022.380513273245
2804,400.1397815195842
2805,617.6374289736259
2806,286.97370181032693
2807,765.6589424646072
2808,767.7643416780065
2809,1065.3276459921835
2810,736.145095490625
2811,656.3580374427229
2812,718.9438150663491
2813,590.1303220985565
2814,396.72448385271946
2815,510.35675945118146
2816,684.3275541651765
2817,740.7438616352356
2818,1222.0368435053479
2819,451.9112497717997
2820,612.9253214548553
2821,1096.7081030868476
2822,530.0246815157225
2823,437.8060777064675
2824,642.6370554008026
2825,887.6320614419656
2826,763.329955394539
2827,746.040227147264
2828,411.85864576795393
2829,1201.2248040596542
2830,665.0860584544153
2831,209.75043808464216
2832,1136.7556843336015
2833,1139.8055238520146
2834,227.18380167014766
2835,704.657743955755
2836,716.9078736009424
2837,694.3200408362645
2838,819.2116576878379
2839,467.07931544654457
2840,578.4748341423019
2841,638.8867312151979
2842,804.4769233218121
2843,229.7231176976411
2844,757.4973388663584
2845,439.89259396576017
2846,1166.5810304817414
2847,275.46007970032315
2848,1105.6235265380346
2849,1002.824128943399
2850,542.011121614255
2851,807.7493524231386
2852,377.7954144486157
2853,1293.1599380120924
2854,643.196804884582
2855,842.7562878320186
2856,1147.3875958983008
2857,1731.266997366719
2858,659.4960593102342
2859,349.5557012588324
2860,571.2218140648583
2861,1345.3357360104028
2862,1235.137717667565
2863,631.9048375940529
2864,301.4981247913929
2865,1177.8384575283726
2866,662.2878868007438
2867,353.2761983354176
2868,643.9117931563205
2869,341.4903395734764
2870,622.0483512538212
2871,886.2586965283263
2872,527.6798591456663
2873,1445.7254899835025
2874,450.2465395379959
2875,348.3917674088998
2876,563.3766900892733
2877,1175.9543847140076
2878,834.0973421722592
2879,372.28093607866504
2880,1010.4780490674593
2881,827.9348138170535
2882,741.6501261114454
2883,557.9067111076038
2884,925.3457167880115
2885,264.6393504637763
2886,384.77904771718204
2887,373.7464104426963
2888,921.6560437393719
2889,483.5372106744335
2890,957.7954001314365
2891,341.57854197826236
2892,1252.085489588355
2893,339.17332718547186
2894,388.89295024855255
2895,724.5167005063186
2896,648.9172081007691
2897,846.5255304091643
2898,367.70450699736375
2899,452.2570794173189
2900,179.34588609565526
2901,459.2456055527209
2902,1247.5189899075122
2903,581.6179044646524
2904,666.7501496082496
2905,301.35662986824354
2906,708.416581073493
2907,725.9208824547331
2908,371.35370049231096
2909,508.36430194278273
2910,590.3295173148563
2911,379.6046212153424
2912,816.316400581155
2913,421.4615680508841
2914,1166.4023942111153
2915,353.6758682320378
2916,631.6754532085442
2917,386.0060336802899
2918,368.1474824955203
2919,1076.8285018214665
2920,981.3572963825818
2921,217.72562568403373
2922,295.1917986491426
2923,1044.3496529235572
2924,1838.8159291692964
2925,377.2433529388172
2926,527.7086373671036
2927,1001.0249692967627
2928,607.6001881902248
2929,809.2020611043199
2930,471.6985623219198
2931,1576.7546537822545
2932,900.2868210165507
2933,841.6769056686035
2934,750.8684865210325
2935,730.827947280638
2936,846.5585439139677
2937,556.4538061758258
2938,684.7021502637463
2939,232.53395623839333
2940,882.3607918766438
2941,835.0299269164625
2942,505.35004326809667
2943,774.7975092162123
2944,888.6458897826005
2945,498.8455156156797
2946,436.1021736382063
2947,1026.7577851296228
2948,996.0413063124124
2949,248.96970777981733
2950,545.1744065394878
2951,324.45245041162707
2952,411.15474677339535
2953,360.23126313003195
2954,170.46929384771283
2955,682.8645231579358
2956,759.8100338374688
2957,808.1177081049382
2958,229.37654240028132
2959,1293.199855216957
2960,1248.0502091199696
2961,974.5657654139986
2962,539.4926741783438
2963,702.342347007745
2964,1621.101094476684
2965,516.7470575006482
2966,566.5001761452231
2967,560.5804611083568
2968,916.9212507368211
2969,523.2238790118445
2970,496.75092913798835
2971,418.50585816786133
2972,737.9055528308609
2973,825.2682144728506
2974,620.9877898292398
2975,795.826352069389
2976,345.0840862406676
2977,759.3851175716327
2978,844.662325484468
2979,188.1383490542048
2980,1276.746487644612
2981,1084.421334739497
2982,350.09587826004827
2983,260.1605685755276
2984,1040.5964548529055
2985,1098.8191718617081
2986,220.29308496429803
2987,562.6342301299483
2988,670.8013775965183
2989,734.1451851826341
2990,444.9013545428461
2991,761.071696916626
2992,500.63209908278805
2993,1368.5266799708807
2994,1106.7944908733634
2995,566.608735753899
2996,597.2190265049285
2997,641.1750166581496
2998,269.85111170496657
2999,995.0639475342014
3000,601.1803561687566
3001,711.829984203383
3002,650.6214206696213
3003,233.0127226749646
3004,400.5860247849496
3005,2771.7217539215335
3006,538.5740267198344
3007,486.70546310045575
3008,545.3021652254292
3009,1118.4719737339246
3010,1215.209926701351
3011,143.8700000773706
3012,811.8856624989494
3013,685.6944535246948
3014,239.5969755059159
3015,806.6841996130761
3016,719.3621662748255
3017,374.32810604732185
3018,626.8098162940041
3019,1151.532265492604
3020,300.64162299957115
3021,1382.01176933033
3022,1051.2885700108045
3023,774.0295524943422
3024,392.505354767256
3025,761.3209315736458
3026,474.8106605812045
3027,600.4731955554389
3028,353.45330289314006
3029,669.5321597514258
3030,500.23292035680515
3031,325.1501149961623
3032,342.08674677084946
3033,297.9789152782896
3034,1682.715538484501
3035,732.8094985103862
3036,788.7177260128883
3037,513.740561676982
3038,490.5446623407197
3039,462.83333043590847
3040,383.57378115438587
3041,697.1381834034382
3042,411.8645453319141
3043,454.0099282919073
3044,489.9691532909692
3045,1168.4872823098467
3046,943.2939616700023
3047,3453.2616886594224
3048,1195.5522419865683
3049,296.09061549658145
3050,1085.2874253931113
3051,686.2103787598135
3052,1211.3017917381085
3053,335.5307241631226
3054,467.708487665509
3055,185.27673448889527
3056,462.12778195975716
3057,677.4647009811897
3058,816.719462482517
3059,458.675764741236
3060,319.09382148317036
3061,385.94284545420396
3062,482.5899126378954
3063,486.5390677666237
3064,114.76621969501139
3065,1119.141890557561
3066,197.91554650030412
3067,527.0080185537454
3068,665.2190870511195
3069,489.30726318469897
3070,385.4646064707031
3071,583.5759146296523
3072,494.83971828788344
3073,367.8186722070286
3074,507.1116396649604
3075,535.0582664625599
3076,666.2990712758801
3077,640.2891806352582
3078,440.17910953512455
3079,1023.5897589000488
3080,754.5642083909624
3081,225.48581136593657
3082,1290.3146987753325
3083,324.3674810483053
3084,579.779097938721
3085,378.34510404923276
3086,553.4235850456962
3087,608.1320032565818
3088,250.02361647462294
3089,559.3677664854813
3090,728.6210248842644
3091,410.5630304388487
3092,755.9278004584103
3093,379.0140812676036
3094,273.6737879447055
3095,1085.5348294122732
3096,1252.8361277359327
3097,810.8873250025663
3098,758.8187118642445
3099,1346.3875535957704
3100,1188.83549222685
3101,489.53186572718914
3102,972.6111091261555
3103,576.1578346960359
3104,886.3543879186536
3105,751.404903453018
3106,1008.9921311359885
3107,724.9803712935391
3108,596.7043730062596
3109,852.7661662493174
3110,439.1104167143076
3111,615.5618664073609
3112,335.1255178535748
3113,813.9017924575983
3114,411.45891197396304
3115,789.9477278469549
3116,1218.0453726985852
3117,549.6857133333506
3118,566.4161586823111
3119,898.7304452002072
3120,374.1508597631873
3121,527.8522311042179
3122,827.6614667369586
3123,440.60418826072237
3124,559.7122224967652
3125,290.29618295488854
3126,541.7609735433089
3127,389.8116851151626
3128,497.8450958150979
3129,834.309848052244
3130,502.25309853087856
3131,791.4555509751808
3132,570.1566918104681
3133,606.7479231542729
3134,559.13984860438
3135,648.4869528595473
3136,636.8399808782569
3137,474.5048261876982
3138,309.284034573594
3139,715.0732670847337
3140,595.1013365702975
3141,501.68617192089005
3142,168.65584610349106
3143,498.59486174988615
3144,1087.1792609674167
3145,658.4757723304174
3146,1414.0821236624415
3147,589.8197492552717
3148,568.0844428846676
3149,503.7336686028775
3150,406.98198804277126
3151,499.6949022375884
3152,679.6638060579717
3153,348.12912917514495
3154,599.9850698696391
3155,294.8017948787883
3156,1375.4291893878144
3157,162.64802362966202
3158,390.58347330982724
3159,738.4801524604636
3160,1032.8059297792697
3161,998.346073100628
3162,697.9626558089494
3163,550.1387595812266
3164,685.43369406686
3165,715.1028106989797
3166,415.27477647889646
3167,475.28539954060216
3168,392.4165983823232
3169,624.6969308577382
3170,403.69069175762434
3171,409.34027147572033
3172,937.3025619280852
3173,554.935502436967
3174,1443.002944327979
3175,751.5538784675691
3176,1202.0742339281915
3177,921.4728637289563
3178,1455.8424106159919
3179,399.8642642592649
3180,830.5793104601271
3181,535.2442324218746
3182,377.76063528137
3183,946.1434389341393
3184,448.05443864399786
3185,735.6803414849492
3186,783.2882341366785
3187,1047.5265290667894
3188,491.6663398367891
3189,869.8868404892419
3190,565.9953000571513
3191,563.9253472003456
3192,398.68421294583095
3193,386.24219956087836
3194,532.7292231855226
3195,-1538.6383501266291
3196,365.5010756232077
3197,559.8078586698894
3198,927.5966891473008
3199,555.6454775353695
3200,981.3297896041968
3201,315.07129447903753
3202,200.3080240598665
3203,351.97924061246067
3204,336.8237310627019
3205,752.9328043055166
3206,401.2487080755327
3207,1251.1720012749593
3208,627.9367748357827
3209,1182.6359419964192
3210,574.4064080735661
3211,643.9736829946696
3212,684.8130193042753
3213,607.4702442423622
3214,174.36980420086547
3215,473.217320843969
3216,1014.6800522379917
3217,743.0291492779124
3218,588.2033927210268
3219,814.2473948798042
3220,356.30181063222517
3221,497.41540528652695
3222,1007.3893568951189
3223,931.5299809456528
3224,650.6289794965769
3225,1005.067744441586
3226,378.16929753770455
3227,847.9622608007649
3228,773.1348862428613
3229,1072.1872054507403
3230,572.4183166175035
3231,694.7731695360271
3232,581.5622261377666
3233,1150.345838025205
3234,1549.5842654291419
3235,761.513300204625
3236,754.5488268615909
3237,575.6995411926737
3238,494.1209786220479
3239,983.4860779921091
3240,117.93482123204103
3241,1490.3851722382515
3242,694.5858571883764
3243,583.3894445871574
3244,794.0401586248709
3245,541.97224469717
3246,896.7006520671466
3247,304.7550898607051
3248,769.0214657593515
3249,1031.6389177869532
3250,399.1196560818262
3251,632.2366886553637
3252,507.8397165915876
3253,529.5888204091689
3254,416.22405312194496
3255,687.1537677752776
3256,647.2305467893866
3257,1099.9888744658429
3258,629.0796337344818
3259,243.48498154560002
3260,544.1705647466933
3261,312.46134863997577
3262,794.0523532660854
3263,674.728690582765
3264,1057.0316109300893
3265,621.5485933083064
3266,313.1553368970972
3267,539.2898872035385
3268,1312.2118050876516
3269,376.0884235164176
3270,1186.9064184667595
3271,705.8715180424815
3272,1731.9758179687924
3273,502.61910299430565
3274,531.9889076226555
3275,537.4420007372009
3276,206.5823219591348
3277,607.631867296679
3278,234.06823669775895
3279,676.6166115761625
3280,321.6848071879658
3281,1481.5838879568028
3282,375.3110122658709
3283,2053.6704847782757
3284,484.7676284697018
3285,252.7283179236183
3286,334.66925123423607
3287,513.7835582626321
3288,426.45231737124686
3289,333.8773286473461
3290,579.0731837176063
3291,496.8131813540267
3292,781.4186013070594
3293,626.7314347152214
3294,350.51916454787715
3295,248.6747234909535
3296,621.3442032280245
3297,1190.819061285766
3298,841.0675914165995
3299,830.9481860934948
3300,987.6937620815197
3301,435.8595568637229
3302,986.9718626939793
3303,1743.3662923737402
3304,665.5013707720418
3305,383.5450201193853
3306,957.7114216354403
3307,422.2184806726291
3308,279.34840465588786
3309,2005.371295451684
3310,991.2043637805864
3311,651.6641965065246
3312,759.500160761705
3313,1384.2481085428626
3314,595.328853774763
3315,777.6048061782649
3316,515.6775044740916
3317,841.9145983481212
3318,472.740762831806
3319,299.54419356334074
3320,298.345837299702
3321,181.20123544481248
3322,322.50397664693537
3323,480.40867363181223
3324,625.9510083106006
3325,1038.47917996655
3326,678.6664150939941
3327,1170.4152116946452
3328,642.9846443922734
3329,400.11181867606956
3330,368.0062108279835
3331,893.5026581650609
3332,436.73274338140345
3333,1030.0459616433118
3334,1269.2072847167692
3335,650.8763996663147
3336,156.32753389352456
3337,760.6052107902397
3338,325.3530085974253
3339,736.3581493460606
3340,783.9204521428137
3341,426.06033715979083
3342,943.4217511526076
3343,935.4455139794245
3344,913.9563949586491
3345,733.0084532994797
3346,943.0542848427776
3347,430.2621789730774
3348,486.117432746586
3349,331.31997032295476
3350,229.86482296494614
3351,393.02741301744754
3352,560.2847023398763
3353,314.96477618811514
3354,629.0223952160477
3355,841.6955285741769
3356,728.4790051029731
3357,428.03730672993333
3358,484.83638212286587
3359,415.23335565819616
3360,884.0079212797191
3361,1745.4475001931987
3362,1366.6126287043353
3363,617.7444485028927
3364,315.58697424228285
3365,988.3124127000301
3366,464.54458077966774
3367,456.90112664950084
3368,651.915540698641
3369,1302.9088060985814
3370,531.3423258919211
3371,284.43743826808077
3372,524.8792846918359
3373,535.2577219781715
3374,911.1946280921848
3375,343.7876029514873
3376,225.94625635917237
3377,463.9782062757731
3378,786.1448080454265
3379,955.6403661951053
3380,601.5651959291736
3381,139.8578690569193
3382,410.03573015791335
3383,464.6565032608469
3384,637.841093791325
3385,436.3176929448373
3386,376.610488204733
3387,740.8541528854876
3388,251.8895047063179
3389,770.2220530406148
3390,348.1023409570462
3391,317.5378237325431
3392,1516.8572824513185
3393,480.1603547210134
3394,526.6944717459874
3395,917.4976432060184
3396,370.9343657753425
3397,1936.6347487355042
3398,563.272881412312
3399,842.2125075784725
3400,916.2790242846149
3401,279.6326993876901
3402,743.6241553134632
3403,551.0494463450532
3404,1046.3758826229996
3405,450.3038926458257
3406,603.7676519450515
3407,179.84252865197232
3408,805.1598466475934
3409,612.6979541052351
3410,989.761419735044
3411,468.9329731093567
3412,457.2329359465666
3413,179.59861673602336
3414,533.9943111640259
3415,339.51945063254243
3416,272.0199977216498
3417,400.1766537036101
3418,985.462579947317
3419,1011.3646449396128
3420,948.0962634248062
3421,838.7484529582844
3422,454.1466515467764
3423,1441.7060386049743
3424,850.5853150428411
3425,284.6792156376514
3426,546.7675929869101
3427,651.6876251715112
3428,1084.6758991798433
3429,560.0053814876937
3430,231.33080096494814
3431,452.43253384536365
3432,1014.6883503414729
3433,842.307036840416
3434,568.3323888760451
3435,371.39560470487777
3436,2755.554075949527
3437,170.9196188208134
3438,836.0177274489834
3439,266.1366673627854
3440,459.3416098734697
3441,420.93949140469795
3442,798.7106539565029
3443,1273.6547999189406
3444,502.0584003543281
3445,415.4161983628992
3446,475.8569425310325
3447,1044.0202478285573
3448,331.07959778974146
3449,446.33614543469776
3450,345.4996555341004
3451,181.5447362017494
3452,473.08145332251115
3453,396.403195404052
3454,302.5266325129269
3455,740.8004767067314
3456,750.8975518876368
3457,322.3139254702219
3458,1342.0147949154407
3459,761.6276796036927
3460,317.20257287729146
3461,773.2075908898642
3462,1027.6915993788061
3463,553.3924873571432
3464,310.73990974432036
3465,1156.7953934332672
3466,1006.3682632416867
3467,363.39419536984315
3468,808.5906889825083
3469,1040.6723031166703
3470,666.8138422416123
3471,686.822753409132
3472,568.8247388493855
3473,665.7756466203273
3474,1466.301899431408
3475,1557.74813235878
3476,409.2073210730223
3477,1120.1942848229892
3478,502.00495074339506
3479,927.3014762363746
3480,314.71643426439095
3481,718.5062696343612
3482,409.3299640548139
3483,885.1640680962391
3484,448.04697982841844
3485,600.4529845514335
3486,949.002350104789
3487,1055.504078548669
3488,709.3570374563833
3489,371.1585503290862
3490,908.2982728839524
3491,377.06267723472774
3492,797.7602162124958
3493,465.2299715443769
3494,498.67459737528225
3495,428.50266835841376
3496,329.69486724871604
3497,190.32001627680347
3498,625.51903180092
3499,923.0316275714031
3500,815.1652271396088
3501,401.7130036180315
3502,1172.7363399326905
3503,931.307813576901
3504,645.5214342980398
3505,251.7523475361886
3506,451.1428677633021
3507,1193.4321896615957
3508,501.61242115714685
3509,651.8270621933598
3510,301.869003574051
3511,420.793904439769
3512,1024.3815406330605
3513,1154.9831148501735
3514,194.87750172452252
3515,1181.097861698906
3516,519.0432488603128
3517,338.27760993896663
3518,364.35624136742626
3519,475.05281499555804
3520,525.331759407688
3521,1104.4990786984408
3522,471.96644990149525
3523,450.2837409704862
3524,529.1493423498378
3525,876.4092432761845
3526,478.3021009050053
3527,554.3018104512303
3528,223.70808689572914
3529,678.00853950903
3530,943.1796978786233
3531,852.0346229480892
3532,712.0700721099438
3533,1251.7024937079213
3534,708.6907806013014
3535,549.2378513483818
3536,434.3725659629554
3537,1156.511060287903
3538,303.3899775080117
3539,731.0474037890817
3540,659.5281974496174
3541,703.1726827999528
3542,588.9374318951159
3543,453.01998939176246
3544,345.68995927524975
3545,844.5072513823261
3546,617.8785314510751
3547,605.0240379997413
3548,1033.3614704611218
3549,663.9661247142676
3550,485.2281138328608
3551,1030.70710155063
3552,2428.2686710220732
3553,488.86299849556417
3554,619.5426872794624
3555,463.5146757135317
3556,711.3190158260822
3557,879.8537172589649
3558,560.7541129422361
3559,940.2414844891919
3560,820.4213067368773
3561,723.3415688789382
3562,527.0617456071968
3563,440.30437469175195
3564,765.1586658883161
3565,540.3493184535273
3566,386.2175872543694
3567,631.8312454355628
3568,479.2559046262604
3569,544.5258726642578
3570,401.4959815333059
3571,285.531571819638
3572,564.4359742027382
3573,1099.6106494016994
3574,545.722193700989
3575,980.2715573756141
3576,552.2712050885439
3577,477.40676293259094
3578,629.234159143386
3579,501.2218216428537
3580,613.7402564657632
3581,1148.0407879209442
3582,682.8393711104036
3583,506.7294366303695
3584,523.3681276346379
3585,693.6267359274589
3586,1024.5563207458854
3587,318.94292464854425
3588,595.9612970270018
3589,872.577021107023
3590,1308.5758729721683
3591,439.59474603148465
3592,716.1151411977062
3593,1766.005714028348
3594,524.731729964531
3595,526.006596224257
3596,478.0343476112457
3597,499.26414253079747
3598,354.1890115810329
3599,713.9913469050352
3600,287.98206563741496
3601,876.9664851235166
3602,408.7176181159348
3603,664.6427019085095
3604,393.7078838147936
3605,723.78955513866
3606,434.4918052469002
3607,360.77676939419234
3608,488.794611274232
3609,702.7328294831714
3610,385.06373747913585
3611,214.73027489412289
3612,1142.322719147016
3613,415.19341481930405
3614,917.0910248410864
3615,483.9798935787976
3616,692.0679096898739
3617,975.7740987877778
3618,476.5161659272171
3619,623.83287987718
3620,744.1482312597882
3621,485.0947325236657
3622,622.7703265294449
3623,572.706720419812
3624,180.199715982827
3625,441.1242982135873
3626,303.97562649052816
3627,612.8288138949947
3628,401.2020233244393
3629,650.5135197451427
3630,596.0943518677277
3631,266.82846629089363
3632,885.3405639373714
3633,451.32053855628874
3634,619.6977382078312
3635,569.3926956231044
3636,566.0759714222468
3637,333.92736962105755
3638,302.2134060267181
3639,1637.0159132961253
3640,757.4123296105172
3641,425.59650943983706
3642,425.70300566694186
3643,1030.2774678354253
3644,693.7711633487843
3645,823.5346371239821
3646,830.9465600132289
3647,430.56621766609805
3648,587.571744676331
3649,1071.614070371691
3650,1036.2805417037398
3651,383.1228424723322
3652,694.0621142794171
3653,705.9962411676261
3654,608.8985749029625
3655,925.9741669507939
3656,1154.8724749711773
3657,373.46128372569
3658,956.9442590346835
3659,758.2410215991831
3660,566.1399668168242
3661,794.2934483887093
3662,450.0693102556961
3663,629.0529954755139
3664,752.4217674095044
3665,716.2738852149869
3666,829.4797013557381
3667,648.6760571462455
3668,1853.027130517814
3669,1144.0255241369978
3670,515.2185831508868
3671,684.5869361808727
3672,964.9800522526875
3673,671.0719577205145
3674,439.72982401681656
3675,1081.2193601330255
3676,1481.4336362142467
3677,904.9377922715794
3678,452.37942609179936
3679,563.5605687799762
3680,1159.5460867058327
3681,531.6798053769471
3682,1292.0014586674506
3683,1735.7038768490102
3684,406.6934800901645
3685,891.876746749751
3686,479.4614055713637
3687,882.1612436289515
3688,904.2953739676532
3689,529.1271045617859
3690,1369.9071653598976
3691,1093.1676488384292
3692,426.8486287871274
3693,348.5747829587681
3694,424.8725962842627
3695,504.6001244696936
3696,401.4581978438473
3697,645.4509050406987
3698,373.38184141069723
3699,556.6087810147183
3700,285.6005780483156
3701,585.5700250033533
3702,457.10211140478805
3703,296.94575365671244
3704,867.2574483573562
3705,327.77997666093324
3706,915.6637473078554
3707,437.894097931523
3708,542.5814325179572
3709,400.68666855006813
3710,728.165375790808
3711,804.6559557600331
3712,457.0874133290399
3713,498.56598314773964
3714,747.9206498314516
3715,1174.0565914598346
3716,338.7937203309557
3717,555.5539532900175
3718,533.8386003277155
3719,357.61748048587015
3720,809.7229377094245
3721,464.89628372578863
3722,1110.3059972287892
3723,204.51297067652104
3724,1032.942742381324
3725,245.18726318934478
3726,269.6924244428528
3727,469.1668984887183
3728,327.4525353740464
3729,792.3270983081038
3730,639.3382342452487
3731,412.789111956924
3732,588.5837882526012
3733,251.96414631188782
3734,753.1327656274098
3735,579.2639954507131
3736,525.6278542332893
3737,281.60280495357256
3738,535.2899260227841
3739,1119.698929986882
3740,512.6236315624774
3741,592.7207100559654
3742,177.3051217111033
3743,341.0473407263662
3744,591.7588947761897
3745,872.9598825318271
3746,776.1054231446506
3747,446.0887103354098
3748,822.5614984417234
3749,739.908193039284
3750,998.8097496793325
3751,96.24079728609468
3752,343.9237258721014
3753,644.738238164754
3754,720.5353641079391
3755,186.78233708476455
3756,630.775434232065
3757,515.449464228448
3758,1573.790380248981
3759,488.96747285537367
3760,395.073529151985
3761,912.0287912473141
3762,844.9169424202355
3763,517.4388431557518
3764,342.64037502717383
3765,923.1381096329505
3766,555.2398105698257
3767,368.13388976309943
3768,814.0942136048479
3769,414.62217816778866
3770,710.3779887260089
3771,292.4232025406427
3772,507.83054796186843
3773,1361.8506548701716
3774,548.1664659025819
3775,1181.1639950269118
3776,779.4677937075267
3777,586.1602679458583
3778,535.3218332511051
3779,239.2768594669742
3780,584.7640714594872
3781,1120.9123980662234
3782,1298.2029215171897
3783,635.3299241979466
3784,899.8456893772272
3785,473.4851930481909
3786,948.2927190973878
3787,224.08099213527112
3788,588.4838394806948
3789,991.0720704411706
3790,570.2257914962511
3791,635.6222831602163
3792,769.7788797375597
3793,906.4843558582807
3794,347.35162803382264
3795,1294.771287446978
3796,401.9245310247743
3797,316.0017374577119
3798,527.9226236810418
3799,792.7678523615523
3800,541.9374546910612
3801,242.5683286870153
3802,300.22070208307287
3803,674.3698963721154
3804,364.4108089984584
3805,551.6978869629802
3806,836.3794577691751
3807,646.4238917627599
3808,940.3211556155738
3809,462.05404400518273
3810,549.3364798019356
3811,619.206757355907
3812,1178.114265254705
3813,545.3447737659708
3814,467.23111323478133
3815,486.67141377938515
3816,476.51439717803805
3817,600.3966771631231
3818,203.10082242293265
3819,522.9621517542491
3820,574.6788268762739
3821,321.61447045083696
3822,847.8794245326444
3823,645.7352207192789
3824,420.6961906920542
3825,649.9260825805477
3826,765.9229825276234
3827,372.3255349135088
3828,692.6616218910476
3829,747.3873510211552
3830,1046.5775702189821
3831,413.6069427849243
3832,372.74623318456906
3833,462.78421785945284
3834,877.1654958584295
3835,785.166887803648
3836,1150.89126852364
3837,331.1740435050906
3838,700.1087794029299
3839,1008.098335000469
3840,468.648823817638
3841,193.53851999331346
3842,422.3061816620502
3843,298.29580281319886
3844,750.3163370909697
3845,568.2416040997423
3846,950.4757449320505
3847,327.4177818623457
3848,860.7352929414301
3849,1339.7021681959068
3850,301.15284263906597
3851,2199.9930334114606
3852,260.86504721296023
3853,651.2611144546927
3854,410.4358093042729
3855,387.7324358329415
3856,897.5486310818096
3857,926.864948124
3858,931.5525538131315
