3
151 150 1 1000
1 2
2 3
3 4
1 5
5 6
6 7
1 8
8 9
9 10
1 11
11 12
12 13
1 14
14 15
15 16
1 17
17 18
18 19
1 20
20 21
21 22
1 23
23 24
24 25
1 26
26 27
27 28
1 29
29 30
30 31
1 32
32 33
33 34
1 35
35 36
36 37
1 38
38 39
39 40
1 41
41 42
42 43
1 44
44 45
45 46
1 47
47 48
48 49
1 50
50 51
51 52
1 53
53 54
54 55
1 56
56 57
57 58
1 59
59 60
60 61
1 62
62 63
63 64
1 65
65 66
66 67
1 68
68 69
69 70
1 71
71 72
72 73
1 74
74 75
75 76
1 77
77 78
78 79
1 80
80 81
81 82
1 83
83 84
84 85
1 86
86 87
87 88
1 89
89 90
90 91
1 92
92 93
93 94
1 95
95 96
96 97
1 98
98 99
99 100
1 101
101 102
102 103
1 104
104 105
105 106
1 107
107 108
108 109
1 110
110 111
111 112
1 113
113 114
114 115
1 116
116 117
117 118
1 119
119 120
120 121
1 122
122 123
123 124
1 125
125 126
126 127
1 128
128 129
129 130
1 131
131 132
132 133
1 134
134 135
135 136
1 137
137 138
138 139
1 140
140 141
141 142
1 143
143 144
144 145
1 146
146 147
147 148
1 149
149 150
150 151
251 250 1 1452
1 2
2 3
3 4
4 5
5 6
1 7
7 8
8 9
9 10
10 11
1 12
12 13
13 14
14 15
15 16
1 17
17 18
18 19
19 20
20 21
1 22
22 23
23 24
24 25
25 26
1 27
27 28
28 29
29 30
30 31
1 32
32 33
33 34
34 35
35 36
1 37
37 38
38 39
39 40
40 41
1 42
42 43
43 44
44 45
45 46
1 47
47 48
48 49
49 50
50 51
1 52
52 53
53 54
54 55
55 56
1 57
57 58
58 59
59 60
60 61
1 62
62 63
63 64
64 65
65 66
1 67
67 68
68 69
69 70
70 71
1 72
72 73
73 74
74 75
75 76
1 77
77 78
78 79
79 80
80 81
1 82
82 83
83 84
84 85
85 86
1 87
87 88
88 89
89 90
90 91
1 92
92 93
93 94
94 95
95 96
1 97
97 98
98 99
99 100
100 101
1 102
102 103
103 104
104 105
105 106
1 107
107 108
108 109
109 110
110 111
1 112
112 113
113 114
114 115
115 116
1 117
117 118
118 119
119 120
120 121
1 122
122 123
123 124
124 125
125 126
1 127
127 128
128 129
129 130
130 131
1 132
132 133
133 134
134 135
135 136
1 137
137 138
138 139
139 140
140 141
1 142
142 143
143 144
144 145
145 146
1 147
147 148
148 149
149 150
150 151
1 152
152 153
153 154
154 155
155 156
1 157
157 158
158 159
159 160
160 161
1 162
162 163
163 164
164 165
165 166
1 167
167 168
168 169
169 170
170 171
1 172
172 173
173 174
174 175
175 176
1 177
177 178
178 179
179 180
180 181
1 182
182 183
183 184
184 185
185 186
1 187
187 188
188 189
189 190
190 191
1 192
192 193
193 194
194 195
195 196
1 197
197 198
198 199
199 200
200 201
1 202
202 203
203 204
204 205
205 206
1 207
207 208
208 209
209 210
210 211
1 212
212 213
213 214
214 215
215 216
1 217
217 218
218 219
219 220
220 221
1 222
222 223
223 224
224 225
225 226
1 227
227 228
228 229
229 230
230 231
1 232
232 233
233 234
234 235
235 236
1 237
237 238
238 239
239 240
240 241
1 242
242 243
243 244
244 245
245 246
1 247
247 248
248 249
249 250
250 251
100 1275 100 1000
1 2
1 3
1 5
1 7
1 9
1 11
1 13
1 15
1 17
1 19
1 21
1 23
1 25
1 27
1 29
1 31
1 33
1 35
1 37
1 39
1 41
1 43
1 45
1 47
1 49
1 51
1 53
1 55
1 57
1 59
1 61
1 63
1 65
1 67
1 69
1 71
1 73
1 75
1 77
1 79
1 81
1 83
1 85
1 87
1 89
1 91
1 93
1 95
1 97
1 99
2 4
2 6
2 8
2 10
2 12
2 14
2 16
2 18
2 20
2 22
2 24
2 26
2 28
2 30
2 32
2 34
2 36
2 38
2 40
2 42
2 44
2 46
2 48
2 50
2 52
2 54
2 56
2 58
2 60
2 62
2 64
2 66
2 68
2 70
2 72
2 74
2 76
2 78
2 80
2 82
2 84
2 86
2 88
2 90
2 92
2 94
2 96
2 98
2 100
5 6
5 7
5 9
5 11
5 13
5 15
5 17
5 19
5 21
5 23
5 25
5 27
5 29
5 31
5 33
5 35
5 37
5 39
5 41
5 43
5 45
5 47
5 49
5 51
5 53
5 55
5 57
5 59
5 61
5 63
5 65
5 67
5 69
5 71
5 73
5 75
5 77
5 79
5 81
5 83
5 85
5 87
5 89
5 91
5 93
5 95
5 97
5 99
6 8
6 10
6 12
6 14
6 16
6 18
6 20
6 22
6 24
6 26
6 28
6 30
6 32
6 34
6 36
6 38
6 40
6 42
6 44
6 46
6 48
6 50
6 52
6 54
6 56
6 58
6 60
6 62
6 64
6 66
6 68
6 70
6 72
6 74
6 76
6 78
6 80
6 82
6 84
6 86
6 88
6 90
6 92
6 94
6 96
6 98
6 100
9 10
9 11
9 13
9 15
9 17
9 19
9 21
9 23
9 25
9 27
9 29
9 31
9 33
9 35
9 37
9 39
9 41
9 43
9 45
9 47
9 49
9 51
9 53
9 55
9 57
9 59
9 61
9 63
9 65
9 67
9 69
9 71
9 73
9 75
9 77
9 79
9 81
9 83
9 85
9 87
9 89
9 91
9 93
9 95
9 97
9 99
10 12
10 14
10 16
10 18
10 20
10 22
10 24
10 26
10 28
10 30
10 32
10 34
10 36
10 38
10 40
10 42
10 44
10 46
10 48
10 50
10 52
10 54
10 56
10 58
10 60
10 62
10 64
10 66
10 68
10 70
10 72
10 74
10 76
10 78
10 80
10 82
10 84
10 86
10 88
10 90
10 92
10 94
10 96
10 98
10 100
13 14
13 15
13 17
13 19
13 21
13 23
13 25
13 27
13 29
13 31
13 33
13 35
13 37
13 39
13 41
13 43
13 45
13 47
13 49
13 51
13 53
13 55
13 57
13 59
13 61
13 63
13 65
13 67
13 69
13 71
13 73
13 75
13 77
13 79
13 81
13 83
13 85
13 87
13 89
13 91
13 93
13 95
13 97
13 99
14 16
14 18
14 20
14 22
14 24
14 26
14 28
14 30
14 32
14 34
14 36
14 38
14 40
14 42
14 44
14 46
14 48
14 50
14 52
14 54
14 56
14 58
14 60
14 62
14 64
14 66
14 68
14 70
14 72
14 74
14 76
14 78
14 80
14 82
14 84
14 86
14 88
14 90
14 92
14 94
14 96
14 98
14 100
17 18
17 19
17 21
17 23
17 25
17 27
17 29
17 31
17 33
17 35
17 37
17 39
17 41
17 43
17 45
17 47
17 49
17 51
17 53
17 55
17 57
17 59
17 61
17 63
17 65
17 67
17 69
17 71
17 73
17 75
17 77
17 79
17 81
17 83
17 85
17 87
17 89
17 91
17 93
17 95
17 97
17 99
18 20
18 22
18 24
18 26
18 28
18 30
18 32
18 34
18 36
18 38
18 40
18 42
18 44
18 46
18 48
18 50
18 52
18 54
18 56
18 58
18 60
18 62
18 64
18 66
18 68
18 70
18 72
18 74
18 76
18 78
18 80
18 82
18 84
18 86
18 88
18 90
18 92
18 94
18 96
18 98
18 100
21 22
21 23
21 25
21 27
21 29
21 31
21 33
21 35
21 37
21 39
21 41
21 43
21 45
21 47
21 49
21 51
21 53
21 55
21 57
21 59
21 61
21 63
21 65
21 67
21 69
21 71
21 73
21 75
21 77
21 79
21 81
21 83
21 85
21 87
21 89
21 91
21 93
21 95
21 97
21 99
22 24
22 26
22 28
22 30
22 32
22 34
22 36
22 38
22 40
22 42
22 44
22 46
22 48
22 50
22 52
22 54
22 56
22 58
22 60
22 62
22 64
22 66
22 68
22 70
22 72
22 74
22 76
22 78
22 80
22 82
22 84
22 86
22 88
22 90
22 92
22 94
22 96
22 98
22 100
25 26
25 27
25 29
25 31
25 33
25 35
25 37
25 39
25 41
25 43
25 45
25 47
25 49
25 51
25 53
25 55
25 57
25 59
25 61
25 63
25 65
25 67
25 69
25 71
25 73
25 75
25 77
25 79
25 81
25 83
25 85
25 87
25 89
25 91
25 93
25 95
25 97
25 99
26 28
26 30
26 32
26 34
26 36
26 38
26 40
26 42
26 44
26 46
26 48
26 50
26 52
26 54
26 56
26 58
26 60
26 62
26 64
26 66
26 68
26 70
26 72
26 74
26 76
26 78
26 80
26 82
26 84
26 86
26 88
26 90
26 92
26 94
26 96
26 98
26 100
29 30
29 31
29 33
29 35
29 37
29 39
29 41
29 43
29 45
29 47
29 49
29 51
29 53
29 55
29 57
29 59
29 61
29 63
29 65
29 67
29 69
29 71
29 73
29 75
29 77
29 79
29 81
29 83
29 85
29 87
29 89
29 91
29 93
29 95
29 97
29 99
30 32
30 34
30 36
30 38
30 40
30 42
30 44
30 46
30 48
30 50
30 52
30 54
30 56
30 58
30 60
30 62
30 64
30 66
30 68
30 70
30 72
30 74
30 76
30 78
30 80
30 82
30 84
30 86
30 88
30 90
30 92
30 94
30 96
30 98
30 100
33 34
33 35
33 37
33 39
33 41
33 43
33 45
33 47
33 49
33 51
33 53
33 55
33 57
33 59
33 61
33 63
33 65
33 67
33 69
33 71
33 73
33 75
33 77
33 79
33 81
33 83
33 85
33 87
33 89
33 91
33 93
33 95
33 97
33 99
34 36
34 38
34 40
34 42
34 44
34 46
34 48
34 50
34 52
34 54
34 56
34 58
34 60
34 62
34 64
34 66
34 68
34 70
34 72
34 74
34 76
34 78
34 80
34 82
34 84
34 86
34 88
34 90
34 92
34 94
34 96
34 98
34 100
37 38
37 39
37 41
37 43
37 45
37 47
37 49
37 51
37 53
37 55
37 57
37 59
37 61
37 63
37 65
37 67
37 69
37 71
37 73
37 75
37 77
37 79
37 81
37 83
37 85
37 87
37 89
37 91
37 93
37 95
37 97
37 99
38 40
38 42
38 44
38 46
38 48
38 50
38 52
38 54
38 56
38 58
38 60
38 62
38 64
38 66
38 68
38 70
38 72
38 74
38 76
38 78
38 80
38 82
38 84
38 86
38 88
38 90
38 92
38 94
38 96
38 98
38 100
41 42
41 43
41 45
41 47
41 49
41 51
41 53
41 55
41 57
41 59
41 61
41 63
41 65
41 67
41 69
41 71
41 73
41 75
41 77
41 79
41 81
41 83
41 85
41 87
41 89
41 91
41 93
41 95
41 97
41 99
42 44
42 46
42 48
42 50
42 52
42 54
42 56
42 58
42 60
42 62
42 64
42 66
42 68
42 70
42 72
42 74
42 76
42 78
42 80
42 82
42 84
42 86
42 88
42 90
42 92
42 94
42 96
42 98
42 100
45 46
45 47
45 49
45 51
45 53
45 55
45 57
45 59
45 61
45 63
45 65
45 67
45 69
45 71
45 73
45 75
45 77
45 79
45 81
45 83
45 85
45 87
45 89
45 91
45 93
45 95
45 97
45 99
46 48
46 50
46 52
46 54
46 56
46 58
46 60
46 62
46 64
46 66
46 68
46 70
46 72
46 74
46 76
46 78
46 80
46 82
46 84
46 86
46 88
46 90
46 92
46 94
46 96
46 98
46 100
49 50
49 51
49 53
49 55
49 57
49 59
49 61
49 63
49 65
49 67
49 69
49 71
49 73
49 75
49 77
49 79
49 81
49 83
49 85
49 87
49 89
49 91
49 93
49 95
49 97
49 99
50 52
50 54
50 56
50 58
50 60
50 62
50 64
50 66
50 68
50 70
50 72
50 74
50 76
50 78
50 80
50 82
50 84
50 86
50 88
50 90
50 92
50 94
50 96
50 98
50 100
53 54
53 55
53 57
53 59
53 61
53 63
53 65
53 67
53 69
53 71
53 73
53 75
53 77
53 79
53 81
53 83
53 85
53 87
53 89
53 91
53 93
53 95
53 97
53 99
54 56
54 58
54 60
54 62
54 64
54 66
54 68
54 70
54 72
54 74
54 76
54 78
54 80
54 82
54 84
54 86
54 88
54 90
54 92
54 94
54 96
54 98
54 100
57 58
57 59
57 61
57 63
57 65
57 67
57 69
57 71
57 73
57 75
57 77
57 79
57 81
57 83
57 85
57 87
57 89
57 91
57 93
57 95
57 97
57 99
58 60
58 62
58 64
58 66
58 68
58 70
58 72
58 74
58 76
58 78
58 80
58 82
58 84
58 86
58 88
58 90
58 92
58 94
58 96
58 98
58 100
61 62
61 63
61 65
61 67
61 69
61 71
61 73
61 75
61 77
61 79
61 81
61 83
61 85
61 87
61 89
61 91
61 93
61 95
61 97
61 99
62 64
62 66
62 68
62 70
62 72
62 74
62 76
62 78
62 80
62 82
62 84
62 86
62 88
62 90
62 92
62 94
62 96
62 98
62 100
65 66
65 67
65 69
65 71
65 73
65 75
65 77
65 79
65 81
65 83
65 85
65 87
65 89
65 91
65 93
65 95
65 97
65 99
66 68
66 70
66 72
66 74
66 76
66 78
66 80
66 82
66 84
66 86
66 88
66 90
66 92
66 94
66 96
66 98
66 100
69 70
69 71
69 73
69 75
69 77
69 79
69 81
69 83
69 85
69 87
69 89
69 91
69 93
69 95
69 97
69 99
70 72
70 74
70 76
70 78
70 80
70 82
70 84
70 86
70 88
70 90
70 92
70 94
70 96
70 98
70 100
73 74
73 75
73 77
73 79
73 81
73 83
73 85
73 87
73 89
73 91
73 93
73 95
73 97
73 99
74 76
74 78
74 80
74 82
74 84
74 86
74 88
74 90
74 92
74 94
74 96
74 98
74 100
77 78
77 79
77 81
77 83
77 85
77 87
77 89
77 91
77 93
77 95
77 97
77 99
78 80
78 82
78 84
78 86
78 88
78 90
78 92
78 94
78 96
78 98
78 100
81 82
81 83
81 85
81 87
81 89
81 91
81 93
81 95
81 97
81 99
82 84
82 86
82 88
82 90
82 92
82 94
82 96
82 98
82 100
85 86
85 87
85 89
85 91
85 93
85 95
85 97
85 99
86 88
86 90
86 92
86 94
86 96
86 98
86 100
89 90
89 91
89 93
89 95
89 97
89 99
90 92
90 94
90 96
90 98
90 100
93 94
93 95
93 97
93 99
94 96
94 98
94 100
97 98
97 99
98 100
