3
100 99 1 2173
43 21
72 91
80 33
34 31
32 27
79 65
29 65
87 96
30 78
47 77
4 67
95 56
48 25
85 56
39 15
100 41
33 37
45 38
43 36
88 15
92 8
49 16
97 11
8 17
7 8
10 78
66 100
50 42
68 22
8 99
26 90
53 24
35 7
72 55
71 86
86 28
92 42
21 72
69 83
7 16
76 72
73 64
54 88
27 54
96 10
48 20
45 84
26 23
75 90
49 52
44 73
47 85
35 94
93 33
47 57
98 99
52 95
37 60
66 82
96 81
31 15
62 57
81 34
12 73
85 97
49 87
20 83
35 38
30 61
44 48
8 3
1 82
71 22
51 42
57 72
68 2
24 62
34 90
27 33
19 84
91 64
39 82
2 1
53 46
59 64
49 79
30 58
79 67
3 6
33 89
63 65
19 18
70 23
4 9
96 40
16 74
5 85
48 13
14 65
300 299 1 2460
2 1
3 1
4 1
5 3
6 2
7 5
8 1
9 3
10 6
11 2
12 7
13 9
14 3
15 6
16 8
17 12
18 11
19 12
20 9
21 12
22 4
23 4
24 15
25 9
26 25
27 24
28 3
29 23
30 17
31 28
32 18
33 25
34 25
35 11
36 22
37 9
38 25
39 38
40 7
41 10
42 30
43 14
44 17
45 40
46 38
47 40
48 1
49 30
50 32
51 20
52 23
53 50
54 32
55 1
56 13
57 9
58 7
59 21
60 59
61 55
62 10
63 23
64 36
65 57
66 11
67 43
68 61
69 31
70 15
71 3
72 55
73 9
74 15
75 24
76 21
77 54
78 2
79 67
80 35
81 53
82 12
83 2
84 83
85 5
86 68
87 76
88 87
89 4
90 37
91 66
92 41
93 11
94 35
95 38
96 64
97 85
98 78
99 17
100 52
101 83
102 32
103 8
104 48
105 85
106 9
107 28
108 25
109 74
110 73
111 94
112 104
113 45
114 23
115 60
116 48
117 11
118 111
119 7
120 82
121 70
122 66
123 99
124 36
125 65
126 51
127 15
128 70
129 54
130 50
131 8
132 127
133 125
134 22
135 72
136 109
137 41
138 56
139 109
140 24
141 126
142 71
143 6
144 8
145 26
146 140
147 94
148 131
149 122
150 35
151 118
152 5
153 10
154 119
155 104
156 110
157 52
158 66
159 9
160 115
161 69
162 142
163 147
164 64
165 5
166 76
167 158
168 158
169 162
170 2
171 112
172 88
173 144
174 92
175 5
176 69
177 161
178 119
179 69
180 86
181 92
182 122
183 33
184 31
185 36
186 14
187 26
188 8
189 3
190 185
191 146
192 113
193 168
194 75
195 63
196 88
197 10
198 53
199 165
200 122
201 51
202 185
203 160
204 195
205 194
206 53
207 71
208 32
209 85
210 58
211 68
212 108
213 206
214 43
215 89
216 19
217 121
218 167
219 87
220 211
221 199
222 197
223 158
224 103
225 194
226 4
227 7
228 118
229 66
230 2
231 166
232 120
233 104
234 188
235 163
236 210
237 130
238 86
239 18
240 50
241 138
242 220
243 110
244 4
245 204
246 68
247 116
248 95
249 68
250 10
251 177
252 131
253 169
254 145
255 73
256 144
257 110
258 52
259 253
260 23
261 144
262 10
263 238
264 39
265 6
266 150
267 236
268 149
269 165
270 148
271 210
272 109
273 213
274 114
275 150
276 249
277 51
278 87
279 50
280 163
281 17
282 3
283 1
284 134
285 15
286 209
287 145
288 137
289 141
290 78
291 23
292 224
293 91
294 28
295 54
296 210
297 232
298 252
299 194
300 260
255 254 1 2790
1 2
1 3
2 4
2 5
3 6
3 7
4 8
4 9
5 10
5 11
6 12
6 13
7 14
7 15
8 16
8 17
9 18
9 19
10 20
10 21
11 22
11 23
12 24
12 25
13 26
13 27
14 28
14 29
15 30
15 31
16 32
16 33
17 34
17 35
18 36
18 37
19 38
19 39
20 40
20 41
21 42
21 43
22 44
22 45
23 46
23 47
24 48
24 49
25 50
25 51
26 52
26 53
27 54
27 55
28 56
28 57
29 58
29 59
30 60
30 61
31 62
31 63
32 64
32 65
33 66
33 67
34 68
34 69
35 70
35 71
36 72
36 73
37 74
37 75
38 76
38 77
39 78
39 79
40 80
40 81
41 82
41 83
42 84
42 85
43 86
43 87
44 88
44 89
45 90
45 91
46 92
46 93
47 94
47 95
48 96
48 97
49 98
49 99
50 100
50 101
51 102
51 103
52 104
52 105
53 106
53 107
54 108
54 109
55 110
55 111
56 112
56 113
57 114
57 115
58 116
58 117
59 118
59 119
60 120
60 121
61 122
61 123
62 124
62 125
63 126
63 127
64 128
64 129
65 130
65 131
66 132
66 133
67 134
67 135
68 136
68 137
69 138
69 139
70 140
70 141
71 142
71 143
72 144
72 145
73 146
73 147
74 148
74 149
75 150
75 151
76 152
76 153
77 154
77 155
78 156
78 157
79 158
79 159
80 160
80 161
81 162
81 163
82 164
82 165
83 166
83 167
84 168
84 169
85 170
85 171
86 172
86 173
87 174
87 175
88 176
88 177
89 178
89 179
90 180
90 181
91 182
91 183
92 184
92 185
93 186
93 187
94 188
94 189
95 190
95 191
96 192
96 193
97 194
97 195
98 196
98 197
99 198
99 199
100 200
100 201
101 202
101 203
102 204
102 205
103 206
103 207
104 208
104 209
105 210
105 211
106 212
106 213
107 214
107 215
108 216
108 217
109 218
109 219
110 220
110 221
111 222
111 223
112 224
112 225
113 226
113 227
114 228
114 229
115 230
115 231
116 232
116 233
117 234
117 235
118 236
118 237
119 238
119 239
120 240
120 241
121 242
121 243
122 244
122 245
123 246
123 247
124 248
124 249
125 250
125 251
126 252
126 253
127 254
127 255
