3
300 301 1 7113
6 20
56 152
166 180
297 110
267 135
222 97
197 124
46 223
165 247
110 17
44 67
280 183
162 65
95 71
142 154
155 230
180 274
16 67
64 108
42 189
13 28
134 20
281 125
152 71
15 277
22 245
288 124
169 205
208 189
192 133
117 187
41 84
126 104
153 88
26 135
248 52
292 152
162 225
56 238
229 84
139 194
262 92
47 203
23 26
226 185
283 51
100 82
50 265
246 36
21 118
258 142
22 118
282 35
221 196
96 137
53 129
119 89
46 58
285 167
117 248
260 130
279 285
24 156
156 152
206 297
46 30
32 65
5 263
14 182
152 7
78 60
93 76
126 156
62 257
28 264
86 95
152 167
100 9
23 207
220 19
110 294
258 95
188 123
282 221
235 295
277 75
85 92
46 270
198 5
219 233
231 158
99 136
177 291
276 192
140 57
61 30
108 285
26 193
165 46
181 266
19 185
173 151
24 48
226 28
11 125
167 66
175 133
152 41
272 166
176 210
151 229
120 22
255 128
227 198
129 184
273 117
34 263
191 127
139 293
37 36
187 213
94 165
211 223
117 34
276 114
197 42
119 4
56 224
225 13
277 248
75 258
32 21
272 78
219 293
125 80
270 152
179 228
177 117
16 283
146 184
193 106
230 193
124 94
100 158
41 296
233 261
279 4
192 236
249 132
42 159
115 231
262 90
251 139
299 140
125 268
10 86
87 215
27 59
299 64
245 242
135 216
66 9
298 70
94 134
213 161
143 193
241 283
137 180
84 49
23 96
186 187
102 196
21 231
4 132
75 63
123 261
72 17
156 228
145 21
191 27
97 232
87 1
300 131
233 225
62 129
211 255
78 275
201 277
40 48
136 41
140 218
9 76
218 78
59 293
40 171
232 148
76 92
182 103
107 155
17 288
133 252
92 240
14 246
2 188
99 169
182 209
107 157
237 256
111 245
108 254
226 290
269 54
59 209
3 205
93 97
274 130
10 80
188 241
243 152
287 14
257 82
289 164
149 259
289 204
40 133
68 228
174 265
298 76
62 98
252 109
178 189
202 56
33 159
33 50
280 1
114 74
228 29
244 99
269 26
190 21
123 18
69 192
131 13
16 181
172 194
83 163
47 45
79 265
234 300
8 142
1 117
25 14
113 140
55 171
212 129
284 187
45 186
149 23
250 108
228 141
144 40
224 253
172 35
43 73
77 145
120 164
106 239
40 200
293 81
43 152
231 138
265 83
52 256
68 217
223 105
223 235
147 82
207 199
170 277
214 209
62 278
269 101
281 31
286 201
210 148
72 116
186 122
170 195
153 132
150 36
12 166
238 91
38 128
1 39
189 121
169 271
38 168
160 191
112 70
220 133
18 50
300 304 1 7849
123 227
8 57
32 162
109 174
237 282
220 294
46 11
110 205
122 84
73 62
104 60
270 245
131 117
30 223
33 86
250 168
178 49
223 200
297 10
265 27
261 103
109 190
297 142
6 252
74 148
48 129
117 196
55 67
153 204
111 70
204 220
266 18
146 185
108 205
108 76
172 286
6 72
291 262
86 130
220 97
97 145
207 253
37 227
160 228
127 240
41 20
32 213
276 168
222 56
3 45
43 298
168 78
188 53
293 138
201 13
26 257
147 155
210 294
164 150
61 296
163 38
175 255
227 114
227 134
286 205
6 56
26 290
123 216
60 261
5 117
54 234
199 179
90 57
224 128
202 148
250 296
275 34
226 36
222 232
118 253
254 10
92 253
27 170
219 247
73 205
167 41
244 101
178 47
228 136
178 123
214 28
87 155
154 299
293 271
269 165
127 128
150 264
211 170
122 287
203 197
152 269
4 278
293 74
104 204
275 98
150 12
228 138
184 110
12 256
171 183
253 256
39 178
119 98
126 55
123 185
255 60
179 236
30 282
207 64
231 28
44 147
220 111
125 284
262 139
197 215
122 225
160 220
68 166
109 296
129 279
245 216
179 191
41 23
66 63
44 127
252 289
4 300
84 286
115 117
59 113
33 292
296 247
196 52
46 45
113 214
41 261
226 138
290 151
128 55
268 82
279 223
160 155
92 223
168 22
67 289
195 19
62 86
140 277
55 14
146 182
10 183
265 207
97 68
101 42
259 189
154 218
116 109
263 30
226 299
77 95
135 151
292 211
67 32
150 227
69 219
140 101
191 263
222 203
158 6
54 197
136 233
160 77
144 228
254 206
56 219
122 78
161 7
17 220
300 9
112 167
81 159
188 132
124 272
78 4
83 159
233 239
154 80
72 235
252 217
25 178
234 259
214 36
1 266
59 121
157 55
273 118
290 20
102 21
206 24
113 161
21 176
134 101
169 228
147 117
227 94
218 90
188 85
167 88
58 93
152 240
40 58
2 259
16 277
126 100
250 195
181 223
280 16
88 3
90 79
77 139
23 187
119 3
200 133
233 38
44 141
167 96
223 209
289 212
35 231
107 53
289 149
203 65
153 192
13 214
137 206
7 142
201 173
176 235
14 58
178 242
253 288
49 83
1 269
298 90
229 5
176 285
30 15
75 33
15 281
262 274
11 51
241 263
153 268
57 246
83 143
295 198
283 179
192 188
54 194
99 147
232 31
233 91
61 295
29 295
168 124
199 120
293 66
260 133
143 177
153 106
243 271
105 163
156 176
284 166
152 238
251 35
230 289
205 50
267 51
193 4
208 56
66 186
105 249
67 180
150 89
221 124
248 182
71 131
91 258
63 209
43 160
180 179
110 206
163 151
300 349 1 4244
77 298
171 84
229 73
81 199
102 109
108 27
11 24
263 248
200 105
78 132
28 248
251 175
26 189
294 99
10 245
137 238
44 11
81 128
190 73
205 66
68 234
85 137
242 264
130 89
53 195
153 230
238 288
101 28
100 184
39 27
97 297
133 149
241 215
291 152
167 41
6 154
184 279
26 200
118 285
240 3
158 225
85 21
110 229
14 211
162 57
170 174
146 287
121 12
26 82
43 161
79 73
293 150
106 44
183 20
249 145
76 95
81 109
107 235
59 272
44 201
257 19
58 203
106 176
227 282
92 243
247 293
82 259
154 207
233 89
113 145
226 118
119 129
103 265
213 123
258 83
57 106
91 299
26 140
124 254
133 68
19 51
225 97
197 161
164 116
187 81
211 135
258 60
201 268
240 234
65 73
53 84
105 277
181 201
135 192
284 59
123 45
256 18
103 145
95 230
204 6
114 78
76 54
219 113
22 45
92 244
70 136
127 238
114 191
259 49
30 127
195 274
282 278
213 196
160 250
128 258
169 176
128 98
74 202
33 171
297 75
3 51
268 158
173 138
25 291
168 150
32 97
252 44
250 191
262 217
28 98
133 222
108 199
131 118
60 171
51 1
170 190
177 250
295 82
174 143
201 269
10 37
195 62
32 39
99 71
177 44
52 263
45 249
29 27
72 129
263 145
149 243
175 228
74 106
240 268
31 253
68 287
72 86
69 246
38 273
120 94
177 182
34 239
289 35
72 91
183 213
100 122
282 138
145 159
139 178
113 9
289 153
110 78
14 229
26 223
152 120
180 21
144 71
196 208
8 36
255 17
112 203
292 126
18 133
118 169
147 14
227 220
41 120
157 204
31 134
217 68
43 133
90 112
47 127
94 125
166 112
232 96
165 256
76 282
268 63
280 170
296 204
179 213
254 289
260 262
186 61
37 113
245 281
52 90
5 43
218 44
50 211
85 100
7 2
42 13
77 40
298 172
216 171
280 117
150 225
95 20
38 216
244 86
99 87
21 71
143 100
224 138
47 239
242 238
275 40
80 232
125 146
194 174
187 23
155 211
63 283
169 215
231 152
8 123
165 270
246 201
282 134
243 40
213 56
144 267
116 30
126 240
139 215
259 197
80 215
23 70
64 101
42 18
6 34
198 20
34 188
233 128
227 151
296 284
212 81
66 175
11 67
91 266
232 107
300 293
22 206
66 182
4 231
255 142
278 55
146 7
255 131
55 290
46 265
215 271
88 292
46 15
248 209
28 193
148 198
261 293
76 186
267 185
104 83
214 146
193 221
115 289
285 16
210 143
276 286
17 121
237 83
111 114
93 163
218 236
58 276
212 163
141 121
156 108
211 48
59 172
63 16
192 68
62 32
17 183
280 101
134 234
178 220
80 181
267 3
173 125
164 136
193 22
236 98
242 166
234 87
90 205
130 8
220 132
208 172
239 225
44 121
123 17
123 62
221 273
9 190
106 287
276 127
220 157
193 109
102 20
47 169
114 206
1 3
28 138
89 43
11 14
300 13
56 7
180 69
270 149
277 202
142 234
116 267
254 16
21 190
114 251
149 29
244 137
112 196
