3
171 170 1 1853
1 2
1 3
2 4
2 5
2 6
3 7
3 8
3 9
4 10
5 11
6 12
7 13
8 14
9 15
10 16
10 17
11 18
11 19
12 20
12 21
13 22
13 23
14 24
14 25
15 26
15 27
16 28
16 29
16 30
17 31
17 32
17 33
18 34
18 35
18 36
19 37
19 38
19 39
20 40
20 41
20 42
21 43
21 44
21 45
22 46
22 47
22 48
23 49
23 50
23 51
24 52
24 53
24 54
25 55
25 56
25 57
26 58
26 59
26 60
27 61
27 62
27 63
28 64
29 65
30 66
31 67
32 68
33 69
34 70
35 71
36 72
37 73
38 74
39 75
40 76
41 77
42 78
43 79
44 80
45 81
46 82
47 83
48 84
49 85
50 86
51 87
52 88
53 89
54 90
55 91
56 92
57 93
58 94
59 95
60 96
61 97
62 98
63 99
64 100
64 101
65 102
65 103
66 104
66 105
67 106
67 107
68 108
68 109
69 110
69 111
70 112
70 113
71 114
71 115
72 116
72 117
73 118
73 119
74 120
74 121
75 122
75 123
76 124
76 125
77 126
77 127
78 128
78 129
79 130
79 131
80 132
80 133
81 134
81 135
82 136
82 137
83 138
83 139
84 140
84 141
85 142
85 143
86 144
86 145
87 146
87 147
88 148
88 149
89 150
89 151
90 152
90 153
91 154
91 155
92 156
92 157
93 158
93 159
94 160
94 161
95 162
95 163
96 164
96 165
97 166
97 167
98 168
98 169
99 170
99 171
225 224 1 1742
1 2
1 3
2 4
2 5
2 6
3 7
3 8
3 9
4 10
4 11
4 12
4 13
5 14
5 15
5 16
5 17
6 18
6 19
6 20
6 21
7 22
7 23
7 24
7 25
8 26
8 27
8 28
8 29
9 30
9 31
9 32
9 33
10 34
10 35
11 36
11 37
12 38
12 39
13 40
13 41
14 42
14 43
15 44
15 45
16 46
16 47
17 48
17 49
18 50
18 51
19 52
19 53
20 54
20 55
21 56
21 57
22 58
22 59
23 60
23 61
24 62
24 63
25 64
25 65
26 66
26 67
27 68
27 69
28 70
28 71
29 72
29 73
30 74
30 75
31 76
31 77
32 78
32 79
33 80
33 81
34 82
34 83
34 84
35 85
35 86
35 87
36 88
36 89
36 90
37 91
37 92
37 93
38 94
38 95
38 96
39 97
39 98
39 99
40 100
40 101
40 102
41 103
41 104
41 105
42 106
42 107
42 108
43 109
43 110
43 111
44 112
44 113
44 114
45 115
45 116
45 117
46 118
46 119
46 120
47 121
47 122
47 123
48 124
48 125
48 126
49 127
49 128
49 129
50 130
50 131
50 132
51 133
51 134
51 135
52 136
52 137
52 138
53 139
53 140
53 141
54 142
54 143
54 144
55 145
55 146
55 147
56 148
56 149
56 150
57 151
57 152
57 153
58 154
58 155
58 156
59 157
59 158
59 159
60 160
60 161
60 162
61 163
61 164
61 165
62 166
62 167
62 168
63 169
63 170
63 171
64 172
64 173
64 174
65 175
65 176
65 177
66 178
66 179
66 180
67 181
67 182
67 183
68 184
68 185
68 186
69 187
69 188
69 189
70 190
70 191
70 192
71 193
71 194
71 195
72 196
72 197
72 198
73 199
73 200
73 201
74 202
74 203
74 204
75 205
75 206
75 207
76 208
76 209
76 210
77 211
77 212
77 213
78 214
78 215
78 216
79 217
79 218
79 219
80 220
80 221
80 222
81 223
81 224
81 225
300 1148 1 1000
112 23
58 182
232 261
231 107
116 295
295 113
195 261
28 217
138 148
253 289
219 46
252 271
26 156
238 143
299 226
131 233
91 265
187 272
142 129
225 246
230 63
271 132
213 106
188 299
273 26
204 25
16 269
99 270
84 222
269 172
65 276
209 281
274 89
130 213
195 52
166 254
224 196
239 252
68 39
244 143
189 132
5 19
99 293
231 117
156 228
22 36
2 156
41 278
117 149
88 137
261 250
262 56
75 248
111 100
92 44
261 122
275 96
182 291
168 54
252 143
279 282
189 13
231 3
76 16
111 38
149 120
138 64
90 164
211 102
162 289
258 34
262 103
70 191
164 75
39 29
15 133
184 96
94 169
206 277
109 206
101 77
33 26
244 225
21 237
11 173
37 65
180 288
251 231
299 293
298 237
209 10
91 151
268 138
196 267
160 113
67 229
42 96
44 276
14 134
15 173
248 63
208 277
111 66
229 106
5 250
286 99
152 19
264 265
19 240
272 19
141 87
233 244
255 168
145 289
87 266
24 145
145 274
159 34
19 93
299 175
109 226
198 123
213 291
27 190
264 74
63 245
238 284
120 160
243 96
261 109
73 29
5 80
283 275
121 239
77 201
213 107
7 205
235 4
224 235
47 126
75 224
82 206
201 35
154 277
139 202
68 252
183 60
93 288
69 94
31 68
15 228
260 130
146 99
289 58
186 285
108 263
217 237
296 212
227 8
70 79
62 153
218 130
145 162
24 218
288 135
133 125
191 1
190 107
7 279
187 29
261 17
30 271
26 79
167 297
265 60
137 293
81 169
30 71
146 72
191 133
147 134
275 182
187 169
93 267
153 119
295 254
122 105
246 223
89 240
80 272
177 150
161 256
151 237
177 80
152 101
77 290
135 51
188 156
209 202
297 41
172 149
299 219
242 8
227 154
223 221
199 189
53 219
220 159
225 226
151 115
102 225
26 213
68 234
94 165
195 256
20 139
258 27
40 86
159 215
289 229
171 79
124 288
207 114
33 79
50 265
60 218
220 5
114 57
165 22
15 23
83 109
276 67
68 219
141 30
146 52
21 176
178 52
223 1
81 44
37 92
15 36
144 40
130 168
270 159
202 85
216 113
83 148
40 73
88 294
28 159
160 191
282 210
175 145
123 293
286 128
215 193
248 220
298 61
116 59
117 151
296 25
232 95
9 82
77 14
150 84
191 225
179 146
276 124
71 250
41 266
37 58
235 71
212 189
99 190
30 101
79 136
75 48
133 109
271 125
109 134
18 213
147 65
197 64
295 290
189 14
37 282
100 139
137 102
148 155
35 137
120 230
73 91
162 268
85 144
75 61
166 297
294 273
136 249
224 62
84 191
294 103
34 160
58 154
174 213
215 162
198 260
238 251
146 240
209 142
29 298
76 164
84 246
61 28
178 259
262 130
278 292
45 252
78 96
2 227
197 81
189 282
131 194
264 87
78 270
50 250
277 281
289 25
141 154
217 182
148 206
194 228
13 89
227 228
59 110
138 175
270 126
295 274
184 158
174 79
93 266
122 232
221 88
276 201
31 21
138 98
171 142
75 47
10 281
87 17
114 43
13 122
101 44
149 116
259 191
165 222
88 196
103 292
188 59
104 142
37 170
237 146
203 259
207 119
272 189
30 269
59 101
127 126
115 58
246 170
44 254
27 236
246 135
33 42
35 134
261 296
236 258
49 300
288 29
57 25
119 33
116 233
133 106
235 281
143 136
143 26
125 276
277 246
51 248
151 274
182 273
119 62
250 252
12 205
237 233
112 72
179 268
28 294
134 121
107 291
201 63
195 54
264 166
227 84
112 31
194 219
221 233
222 212
289 1
171 70
87 181
226 156
217 167
199 186
164 290
26 247
138 83
187 159
87 206
221 144
291 47
230 35
83 48
22 279
128 265
32 241
99 179
298 98
212 170
224 170
168 117
280 93
165 144
70 233
124 274
112 280
210 49
169 24
281 280
170 18
132 67
43 79
2 14
100 65
40 284
119 54
221 251
253 198
14 157
33 16
159 189
150 140
222 92
132 16
24 1
64 141
223 216
136 218
45 134
69 289
177 190
9 205
230 31
240 92
30 140
65 35
42 162
47 121
133 180
107 129
248 120
49 4
60 160
298 180
108 75
66 137
2 168
280 223
75 42
2 201
247 37
55 73
287 5
24 256
171 112
232 101
208 87
220 46
51 266
105 104
20 165
49 157
269 164
30 239
31 245
159 2
47 145
117 55
144 197
182 37
160 185
269 286
101 120
221 24
114 186
83 49
94 181
71 216
102 110
143 97
18 21
196 173
34 237
256 240
87 276
157 136
130 297
243 295
198 224
99 9
13 166
283 291
24 298
227 108
60 254
123 14
238 114
181 277
292 84
2 129
270 175
188 129
86 274
166 33
295 38
151 216
146 88
141 179
100 178
210 99
293 12
279 189
217 291
65 217
184 70
181 4
260 249
43 228
87 171
250 223
133 211
24 90
295 287
229 240
117 250
207 154
11 21
153 87
142 257
128 6
143 179
183 256
285 204
115 272
68 228
107 205
130 167
175 180
233 39
240 295
264 117
63 161
255 183
158 163
218 251
128 125
113 263
138 3
198 45
260 231
32 261
269 260
136 65
43 16
268 161
156 127
192 45
50 288
64 204
250 181
211 222
278 80
214 95
89 49
270 51
53 204
276 226
217 91
55 18
289 55
272 7
30 296
149 127
55 11
88 299
45 150
103 250
16 284
254 85
63 134
241 59
39 30
196 276
57 206
261 210
116 23
130 227
183 46
54 258
13 156
192 206
2 299
214 5
288 83
62 235
279 169
89 122
80 94
122 242
76 256
153 216
188 127
126 236
176 13
268 187
17 231
102 8
287 43
157 112
73 92
297 21
228 128
191 111
17 91
159 17
28 198
275 230
128 132
143 158
13 272
9 245
6 255
193 226
76 293
161 220
268 239
278 178
135 73
46 125
264 215
3 13
76 248
230 53
247 231
206 187
108 218
224 4
29 138
282 120
180 121
296 263
274 175
70 253
83 199
173 223
145 129
75 187
146 202
186 169
15 268
185 136
213 125
256 74
215 295
13 283
244 270
53 269
221 213
230 169
211 215
296 14
194 254
79 260
5 255
218 51
41 34
22 1
165 71
174 126
117 150
291 71
248 95
69 179
8 299
21 19
156 4
91 72
108 244
39 56
273 238
267 241
6 121
168 257
164 173
146 100
277 192
207 180
23 226
32 8
219 33
247 71
2 28
137 243
60 147
240 142
256 192
21 265
288 17
295 162
189 111
92 116
93 232
117 57
249 241
42 91
234 26
112 256
152 266
43 106
169 61
284 59
215 166
196 254
93 183
28 57
269 130
71 78
55 134
86 106
227 97
239 6
145 58
58 65
233 236
138 1
78 66
29 94
271 136
151 43
153 293
79 56
297 35
169 203
108 21
104 290
126 73
80 257
141 292
241 107
139 91
233 48
15 209
127 41
299 183
96 180
88 106
148 217
78 126
218 260
154 48
248 126
19 56
64 262
229 222
120 139
40 164
33 221
280 207
28 188
278 234
265 82
99 127
148 286
125 188
109 260
106 95
89 26
70 291
67 154
297 207
129 118
105 185
147 189
153 292
258 37
135 214
83 133
33 197
287 233
255 24
106 183
165 134
285 193
61 184
149 271
2 130
15 25
125 47
221 179
93 172
113 239
274 131
141 7
227 50
110 127
294 73
258 268
171 221
48 226
218 259
286 156
251 53
101 279
104 148
90 174
284 140
290 37
282 116
92 100
298 233
138 188
245 3
69 41
200 163
187 115
114 288
132 55
88 177
185 12
58 8
32 272
176 33
300 177
111 194
154 194
42 99
138 295
197 253
104 164
101 296
118 55
38 7
22 40
32 173
194 10
81 122
96 120
37 75
217 6
134 155
70 7
299 210
261 105
240 140
114 287
207 212
217 26
193 223
85 198
160 285
228 217
97 155
94 12
120 285
74 11
128 76
31 60
55 185
213 8
292 148
105 179
257 45
175 85
136 127
248 186
191 24
17 10
237 70
34 191
261 157
4 91
273 266
180 280
272 280
5 189
125 234
236 251
49 161
132 78
292 122
223 67
289 172
261 79
1 188
67 135
238 127
157 123
51 262
120 204
138 121
86 155
289 212
123 149
297 42
8 118
119 99
99 47
81 65
271 247
189 223
272 217
262 111
131 236
84 10
19 200
266 91
174 70
42 193
87 174
205 245
291 135
73 179
213 101
83 94
286 23
211 98
267 90
192 124
67 165
193 238
120 209
98 126
71 189
90 67
157 218
159 109
238 112
144 159
22 91
156 112
243 24
168 31
38 245
203 81
211 37
214 286
88 228
209 23
11 244
281 79
91 260
136 235
236 210
172 156
27 31
299 25
206 74
207 103
218 296
276 158
286 28
238 204
259 192
224 101
153 170
289 174
241 236
299 72
175 59
53 29
281 67
23 69
97 202
139 26
177 51
270 161
89 25
68 268
295 136
34 112
260 69
95 137
78 166
249 4
148 111
46 85
25 188
153 130
23 61
235 163
291 80
191 9
183 189
153 71
202 236
212 67
95 68
9 238
204 70
56 270
8 85
242 284
32 264
165 269
1 239
143 93
128 155
97 94
278 20
217 292
35 284
255 13
169 111
210 291
55 88
62 189
241 102
87 51
27 157
210 63
224 220
256 248
184 27
77 160
31 201
222 271
283 265
214 296
162 155
123 49
212 131
9 11
95 233
225 239
100 175
108 139
51 204
291 30
67 263
36 128
118 209
178 90
272 276
275 185
145 15
46 114
292 284
135 247
109 284
191 147
95 52
48 56
40 105
145 163
235 175
44 111
49 154
278 125
126 46
69 200
102 258
109 106
172 124
16 94
108 228
288 32
155 244
35 3
263 62
20 47
227 235
105 17
63 229
191 26
127 204
290 154
30 213
23 249
81 222
107 122
178 88
29 48
83 79
187 28
211 184
3 16
243 114
81 71
282 1
280 214
207 286
274 34
52 32
39 95
200 174
285 291
265 188
26 65
222 180
22 93
142 34
147 177
265 229
234 29
145 227
237 5
161 23
69 25
178 270
57 172
207 287
102 34
216 56
174 73
237 67
96 300
300 189
273 91
28 86
145 142
165 230
141 100
281 29
202 171
105 2
12 51
297 90
148 225
62 3
