3
50 196 1 1000
1 2
1 3
1 4
1 5
1 6
1 7
1 8
1 9
1 10
1 11
1 12
1 13
1 14
1 15
1 16
1 17
1 18
1 19
1 20
1 21
1 22
1 23
1 24
1 25
1 26
1 27
1 28
1 29
1 30
1 31
1 32
1 33
1 34
1 35
1 36
1 37
1 38
1 39
1 40
1 41
1 42
1 43
1 44
1 45
1 46
1 47
1 48
1 49
1 50
2 3
2 4
2 5
2 6
2 7
2 8
3 4
3 5
3 6
3 7
3 8
4 5
4 6
4 7
4 8
5 6
5 7
5 8
6 7
6 8
7 8
9 10
9 11
9 12
9 13
9 14
9 15
10 11
10 12
10 13
10 14
10 15
11 12
11 13
11 14
11 15
12 13
12 14
12 15
13 14
13 15
14 15
16 17
16 18
16 19
16 20
16 21
16 22
17 18
17 19
17 20
17 21
17 22
18 19
18 20
18 21
18 22
19 20
19 21
19 22
20 21
20 22
21 22
23 24
23 25
23 26
23 27
23 28
23 29
24 25
24 26
24 27
24 28
24 29
25 26
25 27
25 28
25 29
26 27
26 28
26 29
27 28
27 29
28 29
30 31
30 32
30 33
30 34
30 35
30 36
31 32
31 33
31 34
31 35
31 36
32 33
32 34
32 35
32 36
33 34
33 35
33 36
34 35
34 36
35 36
37 38
37 39
37 40
37 41
37 42
37 43
38 39
38 40
38 41
38 42
38 43
39 40
39 41
39 42
39 43
40 41
40 42
40 43
41 42
41 43
42 43
44 45
44 46
44 47
44 48
44 49
44 50
45 46
45 47
45 48
45 49
45 50
46 47
46 48
46 49
46 50
47 48
47 49
47 50
48 49
48 50
49 50
97 96 1 2085
1 2
2 3
3 4
4 5
5 6
6 7
7 8
8 9
9 10
10 11
11 12
12 13
13 14
14 15
15 16
16 17
17 18
18 19
19 20
20 21
21 22
22 23
23 24
24 25
1 26
26 27
27 28
28 29
29 30
30 31
31 32
32 33
33 34
34 35
35 36
36 37
37 38
38 39
39 40
40 41
41 42
42 43
43 44
44 45
45 46
46 47
47 48
48 49
2 50
26 51
5 52
29 53
8 54
32 55
11 56
35 57
14 58
38 59
17 60
41 61
20 62
44 63
23 64
47 65
3 66
3 67
27 68
27 69
6 70
6 71
30 72
30 73
9 74
9 75
33 76
33 77
12 78
12 79
36 80
36 81
15 82
15 83
39 84
39 85
18 86
18 87
42 88
42 89
21 90
21 91
45 92
45 93
24 94
24 95
48 96
48 97
300 299 1 25620
1 2
2 3
3 4
4 5
5 6
6 7
7 8
8 9
9 10
10 11
11 12
12 13
13 14
14 15
15 16
16 17
17 18
18 19
19 20
20 21
21 22
22 23
23 24
24 25
25 26
26 27
27 28
28 29
29 30
30 31
31 32
32 33
33 34
34 35
35 36
36 37
37 38
38 39
39 40
40 41
41 42
42 43
43 44
44 45
45 46
46 47
47 48
48 49
49 50
50 51
51 52
52 53
53 54
54 55
55 56
56 57
57 58
58 59
59 60
60 61
61 62
62 63
63 64
64 65
65 66
66 67
67 68
68 69
69 70
70 71
71 72
72 73
73 74
74 75
75 76
76 77
77 78
78 79
79 80
80 81
81 82
82 83
83 84
84 85
85 86
86 87
87 88
88 89
89 90
90 91
91 92
92 93
93 94
94 95
95 96
96 97
97 98
98 99
99 100
100 101
101 102
102 103
103 104
104 105
105 106
106 107
107 108
108 109
109 110
110 111
111 112
112 113
113 114
114 115
115 116
116 117
117 118
118 119
119 120
120 121
121 122
122 123
123 124
124 125
125 126
126 127
127 128
128 129
129 130
130 131
131 132
132 133
133 134
134 135
135 136
136 137
137 138
138 139
139 140
140 141
141 142
142 143
143 144
144 145
145 146
146 147
147 148
148 149
149 150
150 151
151 152
152 153
153 154
154 155
155 156
156 157
157 158
158 159
159 160
160 161
161 162
162 163
163 164
164 165
165 166
166 167
167 168
168 169
169 170
170 171
171 172
172 173
173 174
174 175
175 176
176 177
177 178
178 179
179 180
180 181
181 182
182 183
183 184
184 185
185 186
186 187
187 188
188 189
189 190
190 191
191 192
192 193
193 194
194 195
195 196
196 197
197 198
198 199
199 200
200 201
201 202
202 203
203 204
204 205
205 206
206 207
207 208
208 209
209 210
210 211
211 212
212 213
213 214
214 215
215 216
216 217
217 218
218 219
219 220
220 221
221 222
222 223
223 224
224 225
225 226
226 227
227 228
228 229
229 230
230 231
231 232
232 233
233 234
234 235
235 236
236 237
237 238
238 239
239 240
1 241
241 242
241 243
1 244
244 245
244 246
1 247
247 248
247 249
1 250
250 251
250 252
1 253
253 254
253 255
1 256
256 257
256 258
1 259
259 260
259 261
1 262
262 263
262 264
1 265
265 266
265 267
1 268
268 269
268 270
1 271
271 272
271 273
1 274
274 275
274 276
1 277
277 278
277 279
1 280
280 281
280 282
1 283
283 284
283 285
1 286
286 287
286 288
1 289
289 290
289 291
1 292
292 293
292 294
1 295
295 296
295 297
1 298
298 299
298 300
