3
100 159 1 2334
2 11
12 21
22 31
32 41
42 51
52 61
62 71
72 81
82 91
1 6
11 16
21 26
31 36
41 46
51 56
61 66
71 76
81 86
91 96
1 9
11 19
21 29
31 39
41 49
51 59
61 69
71 79
81 89
91 99
1 10
11 20
21 30
31 40
41 50
51 60
61 70
71 80
81 90
91 100
2 5
12 15
22 25
32 35
42 45
52 55
62 65
72 75
82 85
92 95
2 8
12 18
22 28
32 38
42 48
52 58
62 68
72 78
82 88
92 98
2 10
12 20
22 30
32 40
42 50
52 60
62 70
72 80
82 90
92 100
3 4
13 14
23 24
33 34
43 44
53 54
63 64
73 74
83 84
93 94
3 7
13 17
23 27
33 37
43 47
53 57
63 67
73 77
83 87
93 97
3 10
13 20
23 30
33 40
43 50
53 60
63 70
73 80
83 90
93 100
4 8
14 18
24 28
34 38
44 48
54 58
64 68
74 78
84 88
94 98
4 9
14 19
24 29
34 39
44 49
54 59
64 69
74 79
84 89
94 99
5 7
15 17
25 27
35 37
45 47
55 57
65 67
75 77
85 87
95 97
5 9
15 19
25 29
35 39
45 49
55 59
65 69
75 79
85 89
95 99
6 7
16 17
26 27
36 37
46 47
56 57
66 67
76 77
86 87
96 97
6 8
16 18
26 28
36 38
46 48
56 58
66 68
76 78
86 88
96 98
100 150 1 1089
2 11
8 20
12 21
18 30
22 31
28 40
32 41
38 50
42 51
48 60
52 61
58 70
62 71
68 80
72 81
78 90
82 91
88 100
1 6
11 16
21 26
31 36
41 46
51 56
61 66
71 76
81 86
91 96
1 9
11 19
21 29
31 39
41 49
51 59
61 69
71 79
81 89
91 99
1 10
2 5
12 15
22 25
32 35
42 45
52 55
62 65
72 75
82 85
92 95
92 98
2 10
12 20
22 30
32 40
42 50
52 60
62 70
72 80
82 90
92 100
3 4
13 14
23 24
33 34
43 44
53 54
63 64
73 74
83 84
93 94
3 7
13 17
23 27
33 37
43 47
53 57
63 67
73 77
83 87
93 97
3 10
13 20
23 30
33 40
43 50
53 60
63 70
73 80
83 90
93 100
4 8
14 18
24 28
34 38
44 48
54 58
64 68
74 78
84 88
94 98
4 9
14 19
24 29
34 39
44 49
54 59
64 69
74 79
84 89
94 99
5 7
15 17
25 27
35 37
45 47
55 57
65 67
75 77
85 87
95 97
5 9
15 19
25 29
35 39
45 49
55 59
65 69
75 79
85 89
95 99
6 7
16 17
26 27
36 37
46 47
56 57
66 67
76 77
86 87
96 97
6 8
16 18
26 28
36 38
46 48
56 58
66 68
76 78
86 88
96 98
280 567 1 6455
2 36
37 71
72 106
107 141
142 176
177 211
212 246
1 20
36 55
71 90
106 125
141 160
176 195
211 230
246 265
1 30
36 65
71 100
106 135
141 170
176 205
211 240
246 275
1 34
36 69
71 104
106 139
141 174
176 209
211 244
246 279
1 35
36 70
71 105
106 140
141 175
176 210
211 245
246 280
2 19
37 54
72 89
107 124
142 159
177 194
212 229
247 264
2 29
37 64
72 99
107 134
142 169
177 204
212 239
247 274
2 33
37 68
72 103
107 138
142 173
177 208
212 243
247 278
2 35
37 70
72 105
107 140
142 175
177 210
212 245
247 280
3 18
38 53
73 88
108 123
143 158
178 193
213 228
248 263
3 28
38 63
73 98
108 133
143 168
178 203
213 238
248 273
3 32
38 67
73 102
108 137
143 172
178 207
213 242
248 277
3 35
38 70
73 105
108 140
143 175
178 210
213 245
248 280
4 17
39 52
74 87
109 122
144 157
179 192
214 227
249 262
4 27
39 62
74 97
109 132
144 167
179 202
214 237
249 272
4 31
39 66
74 101
109 136
144 171
179 206
214 241
249 276
4 35
39 70
74 105
109 140
144 175
179 210
214 245
249 280
5 16
40 51
75 86
110 121
145 156
180 191
215 226
250 261
5 26
40 61
75 96
110 131
145 166
180 201
215 236
250 271
5 33
40 68
75 103
110 138
145 173
180 208
215 243
250 278
5 34
40 69
75 104
110 139
145 174
180 209
215 244
250 279
6 15
41 50
76 85
111 120
146 155
181 190
216 225
251 260
6 25
41 60
76 95
111 130
146 165
181 200
216 235
251 270
6 32
41 67
76 102
111 137
146 172
181 207
216 242
251 277
6 34
41 69
76 104
111 139
146 174
181 209
216 244
251 279
7 14
42 49
77 84
112 119
147 154
182 189
217 224
252 259
7 24
42 59
77 94
112 129
147 164
182 199
217 234
252 269
7 31
42 66
77 101
112 136
147 171
182 206
217 241
252 276
7 34
42 69
77 104
112 139
147 174
182 209
217 244
252 279
8 13
43 48
78 83
113 118
148 153
183 188
218 223
253 258
8 23
43 58
78 93
113 128
148 163
183 198
218 233
253 268
8 32
43 67
78 102
113 137
148 172
183 207
218 242
253 277
8 33
43 68
78 103
113 138
148 173
183 208
218 243
253 278
9 12
44 47
79 82
114 117
149 152
184 187
219 222
254 257
9 22
44 57
79 92
114 127
149 162
184 197
219 232
254 267
9 31
44 66
79 101
114 136
149 171
184 206
219 241
254 276
9 33
44 68
79 103
114 138
149 173
184 208
219 243
254 278
10 11
45 46
80 81
115 116
150 151
185 186
220 221
255 256
10 21
45 56
80 91
115 126
150 161
185 196
220 231
255 266
10 31
45 66
80 101
115 136
150 171
185 206
220 241
255 276
10 32
45 67
80 102
115 137
150 172
185 207
220 242
255 277
11 26
46 61
81 96
116 131
151 166
186 201
221 236
256 271
11 29
46 64
81 99
116 134
151 169
186 204
221 239
256 274
11 30
46 65
81 100
116 135
151 170
186 205
221 240
256 275
12 25
47 60
82 95
117 130
152 165
187 200
222 235
257 270
12 28
47 63
82 98
117 133
152 168
187 203
222 238
257 273
12 30
47 65
82 100
117 135
152 170
187 205
222 240
257 275
13 24
48 59
83 94
118 129
153 164
188 199
223 234
258 269
13 27
48 62
83 97
118 132
153 167
188 202
223 237
258 272
13 30
48 65
83 100
118 135
153 170
188 205
223 240
258 275
14 23
49 58
84 93
119 128
154 163
189 198
224 233
259 268
14 28
49 63
84 98
119 133
154 168
189 203
224 238
259 273
14 29
49 64
84 99
119 134
154 169
189 204
224 239
259 274
15 22
50 57
85 92
120 127
155 162
190 197
225 232
260 267
15 27
50 62
85 97
120 132
155 167
190 202
225 237
260 272
15 29
50 64
85 99
120 134
155 169
190 204
225 239
260 274
16 21
51 56
86 91
121 126
156 161
191 196
226 231
261 266
16 27
51 62
86 97
121 132
156 167
191 202
226 237
261 272
16 28
51 63
86 98
121 133
156 168
191 203
226 238
261 273
17 23
52 58
87 93
122 128
157 163
192 198
227 233
262 268
17 25
52 60
87 95
122 130
157 165
192 200
227 235
262 270
17 26
52 61
87 96
122 131
157 166
192 201
227 236
262 271
18 22
53 57
88 92
123 127
158 162
193 197
228 232
263 267
18 24
53 59
88 94
123 129
158 164
193 199
228 234
263 269
18 26
53 61
88 96
123 131
158 166
193 201
228 236
263 271
19 21
54 56
89 91
124 126
159 161
194 196
229 231
264 266
19 24
54 59
89 94
124 129
159 164
194 199
229 234
264 269
19 25
54 60
89 95
124 130
159 165
194 200
229 235
264 270
20 21
55 56
90 91
125 126
160 161
195 196
230 231
265 266
20 22
55 57
90 92
125 127
160 162
195 197
230 232
265 267
20 23
55 58
90 93
125 128
160 163
195 198
230 233
265 268
