3
296 295 1 17161
1 2
2 3
3 4
4 5
5 6
6 7
7 8
8 9
9 10
10 11
11 12
12 13
13 14
14 15
15 16
16 17
17 18
18 19
19 20
20 21
21 22
22 23
23 24
24 25
25 26
26 27
27 28
28 29
29 30
30 31
31 32
32 33
33 34
34 35
35 36
36 37
37 38
38 39
39 40
40 41
41 42
42 43
43 44
44 45
45 46
46 47
47 48
48 49
49 50
50 51
51 52
52 53
53 54
54 55
55 56
56 57
57 58
58 59
59 60
60 61
61 62
62 63
63 64
64 65
65 66
66 67
67 68
68 69
69 70
70 71
71 72
72 73
73 74
1 75
75 76
75 77
75 78
2 79
79 80
3 81
81 82
81 83
81 84
4 85
85 86
5 87
87 88
87 89
87 90
6 91
91 92
7 93
93 94
93 95
93 96
8 97
97 98
9 99
99 100
99 101
99 102
10 103
103 104
11 105
105 106
105 107
105 108
12 109
109 110
13 111
111 112
111 113
111 114
14 115
115 116
15 117
117 118
117 119
117 120
16 121
121 122
17 123
123 124
123 125
123 126
18 127
127 128
19 129
129 130
129 131
129 132
20 133
133 134
21 135
135 136
135 137
135 138
22 139
139 140
23 141
141 142
141 143
141 144
24 145
145 146
25 147
147 148
147 149
147 150
26 151
151 152
27 153
153 154
153 155
153 156
28 157
157 158
29 159
159 160
159 161
159 162
30 163
163 164
31 165
165 166
165 167
165 168
32 169
169 170
33 171
171 172
171 173
171 174
34 175
175 176
35 177
177 178
177 179
177 180
36 181
181 182
37 183
183 184
183 185
183 186
38 187
187 188
39 189
189 190
189 191
189 192
40 193
193 194
41 195
195 196
195 197
195 198
42 199
199 200
43 201
201 202
201 203
201 204
44 205
205 206
45 207
207 208
207 209
207 210
46 211
211 212
47 213
213 214
213 215
213 216
48 217
217 218
49 219
219 220
219 221
219 222
50 223
223 224
51 225
225 226
225 227
225 228
52 229
229 230
53 231
231 232
231 233
231 234
54 235
235 236
55 237
237 238
237 239
237 240
56 241
241 242
57 243
243 244
243 245
243 246
58 247
247 248
59 249
249 250
249 251
249 252
60 253
253 254
61 255
255 256
255 257
255 258
62 259
259 260
63 261
261 262
261 263
261 264
64 265
265 266
65 267
267 268
267 269
267 270
66 271
271 272
67 273
273 274
273 275
273 276
68 277
277 278
69 279
279 280
279 281
279 282
70 283
283 284
71 285
285 286
285 287
285 288
72 289
289 290
73 291
291 292
291 293
291 294
74 295
295 296
300 450 1 9450
1 2
1 76
2 76
1 151
2 151
151 226
2 3
2 77
3 77
2 152
3 152
152 227
3 4
3 78
4 78
3 153
4 153
153 228
4 5
4 79
5 79
4 154
5 154
154 229
5 6
5 80
6 80
5 155
6 155
155 230
6 7
6 81
7 81
6 156
7 156
156 231
7 8
7 82
8 82
7 157
8 157
157 232
8 9
8 83
9 83
8 158
9 158
158 233
9 10
9 84
10 84
9 159
10 159
159 234
10 11
10 85
11 85
10 160
11 160
160 235
11 12
11 86
12 86
11 161
12 161
161 236
12 13
12 87
13 87
12 162
13 162
162 237
13 14
13 88
14 88
13 163
14 163
163 238
14 15
14 89
15 89
14 164
15 164
164 239
15 16
15 90
16 90
15 165
16 165
165 240
16 17
16 91
17 91
16 166
17 166
166 241
17 18
17 92
18 92
17 167
18 167
167 242
18 19
18 93
19 93
18 168
19 168
168 243
19 20
19 94
20 94
19 169
20 169
169 244
20 21
20 95
21 95
20 170
21 170
170 245
21 22
21 96
22 96
21 171
22 171
171 246
22 23
22 97
23 97
22 172
23 172
172 247
23 24
23 98
24 98
23 173
24 173
173 248
24 25
24 99
25 99
24 174
25 174
174 249
25 26
25 100
26 100
25 175
26 175
175 250
26 27
26 101
27 101
26 176
27 176
176 251
27 28
27 102
28 102
27 177
28 177
177 252
28 29
28 103
29 103
28 178
29 178
178 253
29 30
29 104
30 104
29 179
30 179
179 254
30 31
30 105
31 105
30 180
31 180
180 255
31 32
31 106
32 106
31 181
32 181
181 256
32 33
32 107
33 107
32 182
33 182
182 257
33 34
33 108
34 108
33 183
34 183
183 258
34 35
34 109
35 109
34 184
35 184
184 259
35 36
35 110
36 110
35 185
36 185
185 260
36 37
36 111
37 111
36 186
37 186
186 261
37 38
37 112
38 112
37 187
38 187
187 262
38 39
38 113
39 113
38 188
39 188
188 263
39 40
39 114
40 114
39 189
40 189
189 264
40 41
40 115
41 115
40 190
41 190
190 265
41 42
41 116
42 116
41 191
42 191
191 266
42 43
42 117
43 117
42 192
43 192
192 267
43 44
43 118
44 118
43 193
44 193
193 268
44 45
44 119
45 119
44 194
45 194
194 269
45 46
45 120
46 120
45 195
46 195
195 270
46 47
46 121
47 121
46 196
47 196
196 271
47 48
47 122
48 122
47 197
48 197
197 272
48 49
48 123
49 123
48 198
49 198
198 273
49 50
49 124
50 124
49 199
50 199
199 274
50 51
50 125
51 125
50 200
51 200
200 275
51 52
51 126
52 126
51 201
52 201
201 276
52 53
52 127
53 127
52 202
53 202
202 277
53 54
53 128
54 128
53 203
54 203
203 278
54 55
54 129
55 129
54 204
55 204
204 279
55 56
55 130
56 130
55 205
56 205
205 280
56 57
56 131
57 131
56 206
57 206
206 281
57 58
57 132
58 132
57 207
58 207
207 282
58 59
58 133
59 133
58 208
59 208
208 283
59 60
59 134
60 134
59 209
60 209
209 284
60 61
60 135
61 135
60 210
61 210
210 285
61 62
61 136
62 136
61 211
62 211
211 286
62 63
62 137
63 137
62 212
63 212
212 287
63 64
63 138
64 138
63 213
64 213
213 288
64 65
64 139
65 139
64 214
65 214
214 289
65 66
65 140
66 140
65 215
66 215
215 290
66 67
66 141
67 141
66 216
67 216
216 291
67 68
67 142
68 142
67 217
68 217
217 292
68 69
68 143
69 143
68 218
69 218
218 293
69 70
69 144
70 144
69 219
70 219
219 294
70 71
70 145
71 145
70 220
71 220
220 295
71 72
71 146
72 146
71 221
72 221
221 296
72 73
72 147
73 147
72 222
73 222
222 297
73 74
73 148
74 148
73 223
74 223
223 298
74 75
74 149
75 149
74 224
75 224
224 299
75 1
75 150
1 150
75 225
1 225
225 300
300 1310 15 18359
1 2
1 3
1 4
1 5
1 6
1 7
1 8
1 9
1 10
1 11
1 12
1 13
1 14
1 15
1 16
1 17
1 18
1 19
1 20
1 21
1 22
1 23
1 24
1 25
1 26
1 27
1 28
1 29
1 30
1 31
1 32
1 33
1 34
1 35
1 36
1 37
1 38
1 39
1 40
2 3
2 4
2 5
2 6
2 7
2 8
2 9
2 10
2 11
2 12
2 13
2 14
2 15
2 16
2 17
2 18
2 19
2 20
2 21
2 22
2 23
2 24
2 25
2 26
2 27
2 28
2 29
2 30
2 31
2 32
2 33
2 34
2 35
2 36
2 37
2 38
2 39
2 40
3 4
3 5
3 6
3 7
3 8
3 9
3 10
3 11
3 12
3 13
3 14
3 15
3 16
3 17
3 18
3 19
3 20
3 21
3 22
3 23
3 24
3 25
3 26
3 27
3 28
3 29
3 30
3 31
3 32
3 33
3 34
3 35
3 36
3 37
3 38
3 39
3 40
4 5
4 6
4 7
4 8
4 9
4 10
4 11
4 12
4 13
4 14
4 15
4 16
4 17
4 18
4 19
4 20
4 21
4 22
4 23
4 24
4 25
4 26
4 27
4 28
4 29
4 30
4 31
4 32
4 33
4 34
4 35
4 36
4 37
4 38
4 39
4 40
5 6
5 7
5 8
5 9
5 10
5 11
5 12
5 13
5 14
5 15
5 16
5 17
5 18
5 19
5 20
5 21
5 22
5 23
5 24
5 25
5 26
5 27
5 28
5 29
5 30
5 31
5 32
5 33
5 34
5 35
5 36
5 37
5 38
5 39
5 40
6 7
6 8
6 9
6 10
6 11
6 12
6 13
6 14
6 15
6 16
6 17
6 18
6 19
6 20
6 21
6 22
6 23
6 24
6 25
6 26
6 27
6 28
6 29
6 30
6 31
6 32
6 33
6 34
6 35
6 36
6 37
6 38
6 39
6 40
7 8
7 9
7 10
7 11
7 12
7 13
7 14
7 15
7 16
7 17
7 18
7 19
7 20
7 21
7 22
7 23
7 24
7 25
7 26
7 27
7 28
7 29
7 30
7 31
7 32
7 33
7 34
7 35
7 36
7 37
7 38
7 39
7 40
8 9
8 10
8 11
8 12
8 13
8 14
8 15
8 16
8 17
8 18
8 19
8 20
8 21
8 22
8 23
8 24
8 25
8 26
8 27
8 28
8 29
8 30
8 31
8 32
8 33
8 34
8 35
8 36
8 37
8 38
8 39
8 40
9 10
9 11
9 12
9 13
9 14
9 15
9 16
9 17
9 18
9 19
9 20
9 21
9 22
9 23
9 24
9 25
9 26
9 27
9 28
9 29
9 30
9 31
9 32
9 33
9 34
9 35
9 36
9 37
9 38
9 39
9 40
10 11
10 12
10 13
10 14
10 15
10 16
10 17
10 18
10 19
10 20
10 21
10 22
10 23
10 24
10 25
10 26
10 27
10 28
10 29
10 30
10 31
10 32
10 33
10 34
10 35
10 36
10 37
10 38
10 39
10 40
11 12
11 13
11 14
11 15
11 16
11 17
11 18
11 19
11 20
11 21
11 22
11 23
11 24
11 25
11 26
11 27
11 28
11 29
11 30
11 31
11 32
11 33
11 34
11 35
11 36
11 37
11 38
11 39
11 40
12 13
12 14
12 15
12 16
12 17
12 18
12 19
12 20
12 21
12 22
12 23
12 24
12 25
12 26
12 27
12 28
12 29
12 30
12 31
12 32
12 33
12 34
12 35
12 36
12 37
12 38
12 39
12 40
13 14
13 15
13 16
13 17
13 18
13 19
13 20
13 21
13 22
13 23
13 24
13 25
13 26
13 27
13 28
13 29
13 30
13 31
13 32
13 33
13 34
13 35
13 36
13 37
13 38
13 39
13 40
14 15
14 16
14 17
14 18
14 19
14 20
14 21
14 22
14 23
14 24
14 25
14 26
14 27
14 28
14 29
14 30
14 31
14 32
14 33
14 34
14 35
14 36
14 37
14 38
14 39
14 40
15 16
15 17
15 18
15 19
15 20
15 21
15 22
15 23
15 24
15 25
15 26
15 27
15 28
15 29
15 30
15 31
15 32
15 33
15 34
15 35
15 36
15 37
15 38
15 39
15 40
16 17
16 18
16 19
16 20
16 21
16 22
16 23
16 24
16 25
16 26
16 27
16 28
16 29
16 30
16 31
16 32
16 33
16 34
16 35
16 36
16 37
16 38
16 39
16 40
17 18
17 19
17 20
17 21
17 22
17 23
17 24
17 25
17 26
17 27
17 28
17 29
17 30
17 31
17 32
17 33
17 34
17 35
17 36
17 37
17 38
17 39
17 40
18 19
18 20
18 21
18 22
18 23
18 24
18 25
18 26
18 27
18 28
18 29
18 30
18 31
18 32
18 33
18 34
18 35
18 36
18 37
18 38
18 39
18 40
19 20
19 21
19 22
19 23
19 24
19 25
19 26
19 27
19 28
19 29
19 30
19 31
19 32
19 33
19 34
19 35
19 36
19 37
19 38
19 39
19 40
20 21
20 22
20 23
20 24
20 25
20 26
20 27
20 28
20 29
20 30
20 31
20 32
20 33
20 34
20 35
20 36
20 37
20 38
20 39
20 40
21 22
21 23
21 24
21 25
21 26
21 27
21 28
21 29
21 30
21 31
21 32
21 33
21 34
21 35
21 36
21 37
21 38
21 39
21 40
22 23
22 24
22 25
22 26
22 27
22 28
22 29
22 30
22 31
22 32
22 33
22 34
22 35
22 36
22 37
22 38
22 39
22 40
23 24
23 25
23 26
23 27
23 28
23 29
23 30
23 31
23 32
23 33
23 34
23 35
23 36
23 37
23 38
23 39
23 40
24 25
24 26
24 27
24 28
24 29
24 30
24 31
24 32
24 33
24 34
24 35
24 36
24 37
24 38
24 39
24 40
25 26
25 27
25 28
25 29
25 30
25 31
25 32
25 33
25 34
25 35
25 36
25 37
25 38
25 39
25 40
26 27
26 28
26 29
26 30
26 31
26 32
26 33
26 34
26 35
26 36
26 37
26 38
26 39
26 40
27 28
27 29
27 30
27 31
27 32
27 33
27 34
27 35
27 36
27 37
27 38
27 39
27 40
28 29
28 30
28 31
28 32
28 33
28 34
28 35
28 36
28 37
28 38
28 39
28 40
29 30
29 31
29 32
29 33
29 34
29 35
29 36
29 37
29 38
29 39
29 40
30 31
30 32
30 33
30 34
30 35
30 36
30 37
30 38
30 39
30 40
31 32
31 33
31 34
31 35
31 36
31 37
31 38
31 39
31 40
32 33
32 34
32 35
32 36
32 37
32 38
32 39
32 40
33 34
33 35
33 36
33 37
33 38
33 39
33 40
34 35
34 36
34 37
34 38
34 39
34 40
35 36
35 37
35 38
35 39
35 40
36 37
36 38
36 39
36 40
37 38
37 39
37 40
38 39
38 40
39 40
7 41
41 42
41 43
41 44
41 45
41 46
41 47
41 48
41 49
41 50
7 42
42 43
42 44
42 45
42 46
42 47
42 48
42 49
42 50
7 43
43 44
43 45
43 46
43 47
43 48
43 49
43 50
7 44
44 45
44 46
44 47
44 48
44 49
44 50
7 45
45 46
45 47
45 48
45 49
45 50
7 46
46 47
46 48
46 49
46 50
7 47
47 48
47 49
47 50
7 48
48 49
48 50
7 49
49 50
7 50
9 51
51 52
51 53
51 54
51 55
51 56
51 57
51 58
51 59
51 60
9 52
52 53
52 54
52 55
52 56
52 57
52 58
52 59
52 60
9 53
53 54
53 55
53 56
53 57
53 58
53 59
53 60
9 54
54 55
54 56
54 57
54 58
54 59
54 60
9 55
55 56
55 57
55 58
55 59
55 60
9 56
56 57
56 58
56 59
56 60
9 57
57 58
57 59
57 60
9 58
58 59
58 60
9 59
59 60
9 60
3 61
61 62
61 63
61 64
61 65
61 66
61 67
61 68
61 69
61 70
3 62
62 63
62 64
62 65
62 66
62 67
62 68
62 69
62 70
3 63
63 64
63 65
63 66
63 67
63 68
63 69
63 70
3 64
64 65
64 66
64 67
64 68
64 69
64 70
3 65
65 66
65 67
65 68
65 69
65 70
3 66
66 67
66 68
66 69
66 70
3 67
67 68
67 69
67 70
3 68
68 69
68 70
3 69
69 70
3 70
19 71
71 72
71 73
71 74
71 75
71 76
71 77
71 78
71 79
71 80
19 72
72 73
72 74
72 75
72 76
72 77
72 78
72 79
72 80
19 73
73 74
73 75
73 76
73 77
73 78
73 79
73 80
19 74
74 75
74 76
74 77
74 78
74 79
74 80
19 75
75 76
75 77
75 78
75 79
75 80
19 76
76 77
76 78
76 79
76 80
19 77
77 78
77 79
77 80
19 78
78 79
78 80
19 79
79 80
19 80
8 81
81 82
81 83
81 84
81 85
81 86
81 87
81 88
81 89
81 90
8 82
82 83
82 84
82 85
82 86
82 87
82 88
82 89
82 90
8 83
83 84
83 85
83 86
83 87
83 88
83 89
83 90
8 84
84 85
84 86
84 87
84 88
84 89
84 90
8 85
85 86
85 87
85 88
85 89
85 90
8 86
86 87
86 88
86 89
86 90
8 87
87 88
87 89
87 90
8 88
88 89
88 90
8 89
89 90
8 90
36 91
91 92
91 93
91 94
91 95
91 96
91 97
91 98
91 99
91 100
36 92
92 93
92 94
92 95
92 96
92 97
92 98
92 99
92 100
36 93
93 94
93 95
93 96
93 97
93 98
93 99
93 100
36 94
94 95
94 96
94 97
94 98
94 99
94 100
36 95
95 96
95 97
95 98
95 99
95 100
36 96
96 97
96 98
96 99
96 100
36 97
97 98
97 99
97 100
36 98
98 99
98 100
36 99
99 100
36 100
25 101
101 102
102 103
103 104
104 105
105 106
106 107
107 108
108 109
109 110
110 111
111 112
112 113
113 114
114 115
115 116
116 117
117 118
118 119
119 120
120 121
121 122
122 123
123 124
124 125
125 126
126 127
127 128
128 129
129 130
130 131
131 132
132 133
133 134
134 135
135 136
136 137
137 138
138 139
139 140
140 141
141 142
142 143
143 144
144 145
145 146
146 147
147 148
148 149
149 150
150 151
151 152
152 153
153 154
154 155
155 156
156 157
157 158
158 159
159 160
160 161
161 162
162 163
163 164
164 165
165 166
166 167
167 168
168 169
169 170
170 171
171 172
172 173
173 174
174 175
175 176
176 177
177 178
178 179
179 180
180 181
181 182
182 183
183 184
184 185
185 186
186 187
187 188
188 189
189 190
190 191
191 192
192 193
193 194
194 195
195 196
196 197
197 198
198 199
199 200
200 201
201 202
202 203
203 204
204 205
205 206
206 207
207 208
208 209
209 210
210 211
211 212
212 213
213 214
214 215
215 216
216 217
217 218
218 219
219 220
220 221
221 222
222 223
223 224
224 225
225 226
226 227
227 228
228 229
229 230
230 231
231 232
232 233
233 234
234 235
235 236
236 237
237 238
238 239
239 240
240 241
241 242
242 243
243 244
244 245
245 246
246 247
247 248
248 249
249 250
250 251
251 252
252 253
253 254
254 255
255 256
256 257
257 258
258 259
259 260
260 261
261 262
262 263
263 264
264 265
265 266
266 267
267 268
268 269
269 270
270 271
271 272
272 273
273 274
274 275
275 276
276 277
277 278
278 279
279 280
280 281
281 282
282 283
283 284
284 285
285 286
286 287
287 288
288 289
289 290
290 291
291 292
292 293
293 294
294 295
295 296
296 297
297 298
298 299
299 300
